0,-97.89505639572548
1,-106.83120204627714
2,-101.62851645087271
3,-112.9504784125541
4,-87.04677584961915
5,-99.2762531548387
6,-103.18656694094719
7,-26.530387913319363
8,-98.04544175028346
9,-19.08288780338308
10,-100.68298552198472
11,-120.22799075614518
12,-111.27088145193062
13,-30.604912079378778
14,-100.98510633198296
15,-114.01169524988204
16,-24.369460443528265
17,-101.74616709122876
18,-14.848826189687387
19,-93.25910100651622
20,-96.23632814852374
21,-96.60459011285889
22,-115.30195117272343
23,-123.22253949639475
24,-124.4008855432485
25,-113.72245491198534
26,-123.29867788637789
27,-114.38631448313338
28,-113.4854069568179
29,-115.56555341992998
30,-115.8119523456141
31,-110.92829504804749
32,-134.87046204401858
33,-121.26086038910853
34,-117.36189934400028
35,-114.58881045877555
36,-116.43380245797817
37,-136.72229231576952
38,-115.83114735806298
39,-107.97649425211706
40,-115.7586244241646
41,-122.86249226364123
42,-105.8998208458416
43,-103.85431261863828
44,-108.60885844922716
45,-106.5425460933104
46,-104.20064319717406
47,-126.86596995996058
48,-127.35271243876055
49,-114.33049977417816
50,-119.29510096826087
51,-114.15478729069437
52,-101.88003773405346
53,-129.8942343887858
54,-65.88516083777661
55,-114.81900423044203
56,-112.22478811739467
57,-124.68235532303316
58,-114.32340397131009
59,-116.08116431130858
60,-112.92628103585125
61,-113.8300614161152
62,-158.55740371308252
63,-115.65650613560976
64,-110.79372905791644
65,-120.64222639342144
66,-108.5636948281611
67,-110.08173726721708
68,-110.98484098148377
69,-113.93791152695796
70,-111.40875536922572
71,-113.14411912643779
72,-111.50926654197738
73,-117.14497052255875
74,-112.4734966820674
75,-108.82001316457063
76,-133.05331125209437
77,-123.68942962958249
78,-115.60824804701396
79,-106.24909719800775
80,-90.73445991154017
81,-89.99198418285
82,-86.84033327044858
83,-122.01862154763262
84,-172.1860047372104
85,-119.15989047302344
86,-115.0583028562643
87,-111.11792817058304
88,-117.47149634994923
89,-116.60220726692732
90,-109.3580964070336
91,-113.92513399851083
92,-111.77146071513954
93,-117.32818131047699
94,-122.04634042034743
95,-121.9067034851115
96,-141.09532879717426
97,-109.54591073060537
98,-121.35988071434178
99,-122.37670687896772
100,-117.05791469321323
101,-126.83034312611414
102,-117.22926897022185
103,-127.07160992496786
104,-122.28119136918048
105,-107.94577450634814
106,-110.95189486272103
107,-110.34994836670712
108,-175.0096044227464
109,-113.86456213726626
110,-112.73236414981497
111,-112.39690704103343
112,-114.84047338488698
113,-113.43784883024036
114,-114.36747924812329
115,-124.65129126358275
116,-116.10203958894073
117,-111.04257237432473
118,-112.2766437974223
119,-107.67109732257865
120,-118.28724408332832
121,-117.21787294580042
122,-113.15119847684642
123,-118.31172428241342
124,-118.31599079666833
125,-118.30946878018307
126,-117.76436552110049
127,-116.86883035365531
128,-118.85385113631645
129,-113.19903193528941
130,-115.51113941775911
131,-114.63125287828976
132,-113.72064959190412
133,-120.45245146925924
134,-117.10842058375025
135,-114.17198395359927
136,-113.96075439993194
137,-115.04803443675601
138,-119.17638605915708
139,-117.68038211042074
140,-113.3169548387782
141,-118.06286201010441
142,-114.072875712665
143,-120.41629567533823
144,-112.02194291965002
145,-118.234538487183
146,-113.73685265199302
147,-125.03526511766272
148,-136.1030175790521
149,-128.35968460093306
150,-123.13994327943936
151,-142.49975978481976
152,-142.27124049495342
153,-129.7902877676376
154,-117.25441374023745
155,-111.62680482186806
156,-111.31352572097946
157,-123.4907869362946
158,-120.94137831247374
159,-120.19767442472968
160,-128.3449029607571
161,-116.89574530972226
162,-117.97001687796784
163,-124.47764699405985
164,-139.67687494228133
165,-116.58404298273854
166,-121.05984775360785
167,-116.06885119983858
168,-114.3100837503281
169,-122.10044065113269
170,-126.91710670124688
171,-108.88990880432063
172,-122.4492316112097
173,-109.19308965537522
174,-130.1793087104866
175,-131.65476247428623
176,-108.06401972869374
177,-126.36213654630245
178,-134.9979462288253
179,-181.66478683555266
180,-111.84244974111546
181,-124.68133189339153
182,-134.96231632941343
183,-108.98749901116939
184,-123.62494342987475
185,-126.17072653148861
186,-108.32229259921489
187,-117.95280663922449
188,-114.32675573669758
189,-113.56962557390325
190,-110.9906240103396
191,-114.69740614949384
192,-120.34155721102375
193,-118.18009784886776
194,-119.82442673994093
195,-119.252351976695
196,-121.82809412447283
197,-113.76542799646914
198,-121.18349063753567
199,-116.82735568761804
200,-101.0159620779124
201,-111.37925514575932
202,-119.92440938107586
203,-123.52901908472458
204,-126.04194082437938
205,-124.07954533690015
206,-120.28761131123969
207,-130.46615134333823
208,-119.29534535124546
209,-113.35705021521738
210,-123.32963795838057
211,-106.62603845666787
212,-133.71611631758162
213,-129.19397596809478
214,-107.8597278363941
215,-108.09529957352487
216,-106.9534534874828
217,-108.51825133839088
218,-106.21647788845691
219,-134.1524019726726
220,-108.62775748153769
221,-116.53097266353177
222,-109.29816723113875
223,-110.35301076674338
224,-109.57336930476805
225,-112.14593360863825
226,-113.97500762160767
227,-109.60490610173255
228,-114.36753266383609
229,-116.79654840207506
230,-111.89397733820735
231,-111.75138714843587
232,-112.66333139189894
233,-113.49034802093495
234,-111.12106213554662
235,-113.18824532887876
236,-110.4922359607913
237,-112.49857179557432
238,-115.18771058782502
239,-115.38592458338468
240,-110.93011296614401
241,-111.7399825728311
242,-110.93879400303038
243,-113.01890377559089
244,-115.34095910172792
245,-111.45955965814375
246,-116.25245480861508
247,-121.98217338216031
248,-112.75738782824186
249,-116.19777386732616
250,-112.8608209689861
251,-116.53863470528125
252,-114.73081696211186
253,-115.92903843698534
254,-113.6177796897287
255,-113.76051208385702
256,-112.75920145011723
257,-111.91345553049221
258,-111.40216494337099
259,-110.31086660467739
260,-109.69697493710345
261,-111.54273606920661
262,-112.29159336854175
263,-111.97341080246514
264,-106.50094232365439
265,-111.8434457638358
266,-110.93446793223498
267,-109.68381977412305
268,-106.58952490112401
269,-108.33643126233652
270,-131.75684144052678
271,-112.48148997426928
272,-110.6507068144859
273,-107.9663437625106
274,-114.3244906571468
275,-109.06156065400792
276,-110.8474484291729
277,-111.62819259422332
278,-111.20331165526164
279,-110.86529476539364
280,-109.88796146289641
281,-113.72083534608537
282,-112.50731544163526
283,-114.72585209704917
284,-113.38963621741483
285,-111.29592927902077
286,-113.62436081916002
287,-112.9565298880207
288,-113.64821062445408
289,-114.11922644525688
290,-107.30005461729775
291,-113.72697375023381
292,-108.51744392096383
293,-107.02291862065519
294,-110.89575059031854
295,-110.51354209634827
296,-108.12458625960117
297,-108.08874317811188
298,-109.98638208427626
299,-109.22371687826752
300,-111.08203878012799
301,-106.31775026134359
302,-110.23911232602713
303,-112.90688762891385
304,-109.56132182794363
305,-113.59976412421153
306,-109.31264622510088
307,-117.11864330176958
308,-110.82457870898773
309,-112.6327352740262
310,-113.51843088334805
311,-108.03475430030521
312,-106.42568411548191
313,-107.81023090279615
314,-106.7879348915499
315,-107.08968995422936
316,-112.79714702627678
317,-106.59288923690104
318,-107.95264168314779
319,-107.87349366009346
320,-106.27010378160234
321,-109.13643045099715
322,-113.24661655657493
323,-112.27944630504388
324,-108.48441851562157
325,-111.03831814277972
326,-110.11764449084077
327,-108.65238851931356
328,-109.57388254615644
329,-111.7427565734628
330,-108.29071564332413
331,-109.87015221777845
332,-110.13294998804272
333,-105.42065204900615
334,-106.55006925636665
335,-109.44870984671482
336,-107.08708851135118
337,-105.34873891800146
338,-106.65545588941819
339,-107.02959868211865
340,-103.92047251534464
341,-106.47615055966678
342,-105.63221343023461
343,-106.3258495977647
344,-106.21522202019712
345,-105.53086045395737
346,-106.80657668304653
347,-101.59071876491619
348,-108.04002558331823
349,-105.03670502717398
350,-106.23154733653263
351,-105.64602309424335
352,-105.85823894806747
353,-103.29577381881724
354,-104.92697277504371
355,-102.82285171987338
356,-106.7417106706689
357,-106.42631785656397
358,-106.70815296800095
359,-106.06789598996758
360,-106.95233972809488
361,-106.82949690994151
362,-108.99314020128527
363,-112.27507481808708
364,-104.5832066984653
365,-105.28084910033701
366,-100.13832350973759
367,-101.56363224029423
368,-105.57255537844034
369,-102.52278448857145
370,-102.94930643522545
371,-101.33291165686938
372,-103.55762108110535
373,-101.67325475153693
374,-104.11653236195306
375,-103.31457928556739
376,-102.89543928295716
377,-104.06963329134511
378,-102.67627295776812
379,-102.79166075563673
380,-103.38294888396038
381,-100.76163453859574
382,-103.26988513447941
383,-103.75891823344537
384,-102.68286718245375
385,-101.80222033689796
386,-100.87071435638184
387,-102.46970064038766
388,-100.60394899817672
389,-101.23376854060179
390,-101.93511474028011
391,-101.60389478490384
392,-101.5780763214228
393,-103.88090393186799
394,-103.71951967804556
395,-102.05561655166862
396,-102.17949648150747
397,-101.72053275907234
398,-101.33201128553408
399,-102.0701073291339
400,-101.21081198055886
401,-100.16948204154893
402,-106.16228885602278
403,-103.43003472882522
404,-106.0586728904048
405,-104.7332502515089
406,-105.97852914684043
407,-104.45799487616414
408,-103.45304301303435
409,-103.73791009083558
410,-104.98738998331035
411,-100.9572735914944
412,-103.97920120414908
413,-104.27157302503316
414,-104.96317667870983
415,-105.16934066445725
416,-102.68794218421148
417,-104.47394827386037
418,-101.80814424136244
419,-101.85689935320599
420,-103.04666882113092
421,-105.24078516801187
422,-104.5151646530243
423,-104.16318768621612
424,-103.93251824376208
425,-102.30125022593339
426,-105.19079063494654
427,-104.05138788399054
428,-103.98605744867562
429,-104.25462918272441
430,-104.36486995029573
431,-100.61550986950928
432,-105.62571646452263
433,-104.24631416222455
434,-100.76624427639746
435,-102.007750220739
436,-103.13235035927737
437,-101.47961908132713
438,-104.2945698168562
439,-104.58227347402502
440,-104.25431817080705
441,-105.07110900123398
442,-104.58848232071037
443,-101.81402048549097
444,-101.5370395729907
445,-99.18595973948364
446,-99.64408986349638
447,-102.0347353836816
448,-101.65752876256093
449,-101.96266789969026
450,-104.94977226651217
451,-103.09216575272264
452,-99.90962214421006
453,-100.77246987161506
454,-98.69938961854884
455,-102.79715041666158
456,-99.42365671577852
457,-100.6180922315399
458,-101.90221152667587
459,-102.54300033503944
460,-103.97057890784943
461,-106.08925278525327
462,-101.48132270858352
463,-101.53867428193142
464,-103.31448046610635
465,-104.14370761432409
466,-102.70095663660294
467,-102.88812059036528
468,-101.83249846868881
469,-102.22769330257046
470,-101.90140097970185
471,-100.98191036670153
472,-102.1580645602095
473,-102.75145198952282
474,-103.69167730294838
475,-103.35620943214859
476,-101.46084672095338
477,-102.10318125860196
478,-102.39924606004286
479,-104.12933996798557
480,-101.82123660105208
481,-99.80033592790807
482,-101.76187957896532
483,-103.23744626121909
484,-100.52248215916951
485,-102.07536691086106
486,-103.01669021802314
487,-102.29691714700972
488,-101.88347684071884
489,-101.7912251465919
490,-102.34555258091623
491,-101.5173494817347
492,-103.1017184881655
493,-101.08944745493393
494,-100.63609457267401
495,-100.93671470127663
496,-102.49504677239496
497,-104.52390573283105
498,-101.08802256627517
499,-102.17610082251078
500,-102.49907887278704
501,-101.89526467275746
502,-102.83568922289051
503,-102.96631905988174
504,-101.70871315462938
505,-101.69042070119188
506,-102.90777299836013
507,-105.00338713266478
508,-117.48081175193138
509,-102.47888329950169
510,-116.89132067066396
511,-102.23541706970165
512,-100.55558650361192
513,-112.52699102911889
514,-103.69189696580338
515,-116.42635393820265
516,-101.90296795400276
517,-117.70578412476551
518,-101.57031886315599
519,-104.61566154260343
520,-111.64625717359503
521,-113.46369161462708
522,-105.07712252864104
523,-104.5280400065055
524,-101.90033113218693
525,-103.26983967105842
526,-106.48773741932645
527,-109.83983517617293
528,-101.80385416774186
529,-102.10363024127601
530,-111.8700615441366
531,-104.58380671731098
532,-104.60103215267902
533,-103.00215449664336
534,-106.43768804919488
535,-106.28719460381505
536,-103.79855004786587
537,-103.43710730522483
538,-115.30755090402815
539,-105.43153722125061
540,-104.932996876906
541,-105.21975833921655
542,-103.3148771171873
543,-116.33746730425668
544,-102.20875633777133
545,-102.82279617442816
546,-101.56711557913896
547,-118.9179988932689
548,-102.4483422269919
549,-105.79868141250307
550,-103.04639968764644
551,-100.96178778433539
552,-110.46152125531562
553,-105.1290254597803
554,-104.44255727885087
555,-110.43799053122042
556,-102.25501298603558
557,-102.14259327831341
558,-104.23477563400712
559,-100.43501176141116
560,-104.90240532475346
561,-110.788848685314
562,-103.56815160271461
563,-109.77834196361029
564,-105.33179808377864
565,-115.62082324997631
566,-110.11239954315776
567,-108.14026322445251
568,-106.90647249854455
569,-108.5306577546168
570,-116.20268976313429
571,-105.5145711474033
572,-105.13971603911705
573,-103.51628045372424
574,-105.91384835774711
575,-118.57058888645874
576,-104.66762006123011
577,-106.78009608007673
578,-107.16690570552714
579,-102.79749675005513
580,-119.05752582600996
581,-101.80226633488988
582,-108.98616703205838
583,-103.1745151057934
584,-100.26810428107538
585,-102.28610538372898
586,-106.67618269144366
587,-104.80813003406438
588,-106.31986314432307
589,-101.55725991030182
590,-104.76109183470585
591,-104.2761201943822
592,-104.22416275806675
593,-102.92373775400932
594,-103.93231643655307
595,-103.55408001115396
596,-104.4404005789649
597,-102.38346499624133
598,-118.32825190614251
599,-108.9299958903187
600,-102.49807377945885
601,-108.39166583041386
602,-117.55573110484927
603,-118.05189396349785
604,-103.49317834757494
605,-119.5283577556338
606,-104.96814468653419
607,-121.03865851188672
608,-105.23201321779838
609,-107.96235866022745
610,-106.0574749430839
611,-103.9219702585428
612,-103.09438461726718
613,-119.70589700474054
614,-103.48653429201633
615,-104.53054090801427
616,-123.27414021480539
617,-104.96472927930743
618,-120.29141560105845
619,-120.65720604093796
620,-104.77211100242711
621,-106.56628606479728
622,-101.52309852080306
623,-107.66963388855635
624,-106.87448020314017
625,-102.47343389796964
626,-105.96348889835255
627,-119.31370096053661
628,-105.89387460033976
629,-103.11416164873617
630,-103.99738762745092
631,-106.0300800107382
632,-108.08772287013525
633,-107.79179142835218
634,-105.34041255192473
635,-105.16506054259234
636,-106.86347481961532
637,-119.92787534731704
638,-104.20399141130919
639,-106.5099140748785
640,-105.79674933387453
641,-105.80925881165318
642,-104.95656343763292
643,-106.35217628459415
644,-106.39334880010352
645,-120.67131606123237
646,-108.6171123073911
647,-105.98512678702389
648,-105.0810904212883
649,-105.33078040031376
650,-118.96912037186524
651,-101.96971576264278
652,-106.76323755045283
653,-104.46800752868927
654,-106.29457708052888
655,-117.59329529622366
656,-119.66450645214908
657,-116.96803448781037
658,-103.283253759306
659,-107.42696926704865
660,-105.19634829194881
661,-103.85202009315722
662,-101.8810461379627
663,-104.56567570718552
664,-100.8823892663587
665,-102.53557099519475
666,-104.36933534603129
667,-102.54391044267514
668,-104.40067603649142
669,-119.2186364412705
670,-104.08290483177188
671,-104.46645685561691
672,-105.66252510373914
673,-104.3874902654824
674,-106.18418308349365
675,-111.43271922209635
676,-101.76285320830837
677,-104.02604756246487
678,-110.18370781727874
679,-104.6290460697238
680,-103.09122050977147
681,-106.0959770152767
682,-107.92414540198301
683,-108.95823390281774
684,-111.91554305709289
685,-103.0315330849725
686,-104.21950046237643
687,-103.9855540246931
688,-107.31630512070015
689,-104.60122153798918
690,-120.42902123609416
691,-104.17728325632338
692,-105.39434151055755
693,-101.48882012340896
694,-104.3821065195204
695,-167.3301746920035
696,-104.32319343718633
697,-101.71301563119228
698,-104.14528538726104
699,-108.49130340011364
700,-106.50660252377679
701,-102.31796603649494
702,-100.85850903848984
703,-107.63976626302113
704,-106.23841413875144
705,-108.01720313030728
706,-109.16921496861777
707,-103.5576148513805
708,-104.72950985455263
709,-103.76005517744215
710,-104.78333629769152
711,-104.13052070606415
712,-108.50604964060403
713,-103.89229592202511
714,-101.67836348429067
715,-189.2248906177212
716,-103.4527407758062
717,-104.9671974382141
718,-101.53823718033296
719,-103.72261492399909
720,-100.21914394389644
721,-102.84575556930714
722,-100.60646806555911
723,-106.93645642853015
724,-100.45448626826006
725,-100.88202740885309
726,-100.13994782375599
727,-100.55674759474874
728,-100.08871221847392
729,-99.03523925662026
730,-100.27935550271819
731,-100.27805002662393
732,-105.32746478687382
733,-102.71782877623355
734,-99.2263270721508
735,-100.81090348547215
736,-106.20286885313172
737,-100.23202873151686
738,-102.66931126032725
739,-103.44051167459178
740,-101.48005661146412
741,-100.76598795060538
742,-100.18121911849572
743,-102.10183248370399
744,-109.97967004397248
745,-103.61189416884272
746,-101.42570292467288
747,-101.46208833406126
748,-102.34397273204414
749,-101.64927502842002
750,-99.3662752969444
751,-100.38461918560618
752,-99.63606858976581
753,-108.39763487049728
754,-98.86878594758298
755,-102.21648592568118
756,-103.36806675175043
757,-104.56241813832904
758,-100.96682252391577
759,-98.33659036517759
760,-102.93739583640077
761,-103.33272511797541
762,-101.42118894894145
763,-98.77881678317124
764,-99.18834236912576
765,-110.45618960309233
766,-100.35325963312378
767,-99.64821921844926
768,-99.06289181657341
769,-102.4957263606168
770,-115.93999096738001
771,-106.28272268858775
772,-103.60859567020371
773,-101.74151381546551
774,-106.6177211340109
775,-105.93849090171759
776,-98.78677939661537
777,-108.16202397679959
778,-102.56957337619134
779,-101.54999316638815
780,-97.16143549569986
781,-100.74427378041042
782,-104.94945280221886
783,-99.72418575216966
784,-102.4490797735189
785,-107.30713610797076
786,-104.65601573788835
787,-103.594422034022
788,-99.27547705380685
789,-108.28247484169779
790,-106.70822326611184
791,-101.56894248227631
792,-103.2273337194302
793,-102.23241131648383
794,-103.19348225367257
795,-104.57365046928132
796,-101.35324523193222
797,-105.52044201033243
798,-104.7940256209696
799,-102.7345572410463
800,-105.8538798675469
801,-102.97168755524466
802,-102.31712645204793
803,-109.66721198064758
804,-111.19528008516956
805,-103.03605612777322
806,-101.21039902554185
807,-112.24788541203971
808,-102.77859612902226
809,-103.72082689487108
810,-99.84014284655052
811,-110.81231622776188
812,-108.11637583828026
813,-102.04129856957283
814,-103.28123984098445
815,-101.77166372807196
816,-104.53681995306262
817,-107.10770822081676
818,-116.23361725958958
819,-115.330623987481
820,-107.27214746236396
821,-103.08100566618984
822,-102.51867999071216
823,-110.36510336710921
824,-99.75114058702002
825,-107.52695689401796
826,-104.51577423284311
827,-106.49507459952626
828,-106.98702013979876
829,-117.74579092976211
830,-120.17292782277633
831,-116.47143778900335
832,-120.76420796775281
833,-117.15537317962037
834,-116.60421463565896
835,-117.68000033700251
836,-112.28063528666436
837,-100.45831368210932
838,-105.22537504074893
839,-103.73157067804514
840,-116.65941328661735
841,-102.48482437095458
842,-115.15069897696888
843,-104.79879529647319
844,-108.4563156973815
845,-115.93168100189877
846,-106.11630195693232
847,-102.83772923435487
848,-113.69807889886847
849,-105.5387182348295
850,-105.31454102792667
851,-116.53165201479587
852,-103.36166748515664
853,-108.8490362851516
854,-106.94599293386185
855,-115.24123048480547
856,-117.24748285221818
857,-105.32618875816678
858,-105.0369373155284
859,-103.3167628920827
860,-114.63712123161814
861,-103.73897156774011
862,-115.0066793719522
863,-109.06143314052278
864,-118.43088909318047
865,-112.52409266578094
866,-115.94021082094227
867,-116.18152946663741
868,-104.57354235846412
869,-117.3868062243294
870,-116.39448439048195
871,-118.2602682809594
872,-106.02032410576544
873,-119.06976102874758
874,-114.14615408085004
875,-116.22073875564391
876,-110.10593127494101
877,-116.76000439971087
878,-116.93513834607755
879,-118.05455862144959
880,-110.89683634806156
881,-108.93507368681006
882,-113.65994623065889
883,-119.71057884688345
884,-119.83995505851586
885,-113.14253490736031
886,-111.60850822323843
887,-185.07548687189754
888,-109.79030013279399
889,-121.54551235569207
890,-113.67580660426145
891,-112.7129176039554
892,-123.09358227472734
893,-112.93413536081188
894,-117.39961636478094
895,-113.47819479883367
896,-113.34973900782335
897,-119.34523634176975
898,-111.13156833851232
899,-118.58824650618519
900,-115.43837232261417
901,-118.13787931076715
902,-111.64860847866329
903,-109.99770632111026
904,-146.80647807759252
905,-145.19060622664685
906,-139.5636885961197
907,-118.92171572249367
908,-119.01339388708683
909,-133.2177541012174
910,-117.86648259678323
911,-122.93864427425558
912,-127.0011708306242
913,-120.77812356335434
914,-108.22396004025
915,-136.9308763383569
916,-118.292299445537
917,-108.09514559716168
918,-116.44861073811711
919,-117.15387707391933
920,-138.46167909264122
921,-117.61192321888836
922,-119.4338127445767
923,-117.74312774456945
924,-116.02909754401034
925,-107.34446530866592
926,-108.96299538001249
927,-116.6455086160493
928,-117.8694226303935
929,-122.43662031796006
930,-118.61128853895893
931,-117.36988149753421
932,-104.35756479615142
933,-113.30130405064094
934,-109.22801417289959
935,-118.74073876239059
936,-108.01054271149258
937,-111.27508572613598
938,-105.2419191358397
939,-122.4664285328536
940,-111.5884068462568
941,-110.06580580850267
942,-109.30831014665254
943,-118.33595792405129
944,-109.0442234315484
945,-107.6911053475989
946,-107.43728579022901
947,-118.82942752062242
948,-116.73188986160733
949,-121.34153573235244
950,-120.86603895981226
951,-104.29578926238648
952,-123.97546726172912
953,-105.07020773533918
954,-124.5295690171849
955,-115.31724952668706
956,-124.37885106878825
957,-111.6320297802088
958,-117.09941281190594
959,-113.09603040415759
960,-123.95525258822926
961,-110.6445660148402
962,-120.86935917777569
963,-122.92602209710599
964,-111.9414402935177
965,-128.78403441577603
966,-100.04565865070356
967,-101.15321032262773
968,-98.02589015886208
969,-104.90945078529421
970,-114.88518821589335
971,-131.45797378539496
972,-113.05752173671755
973,-103.80747237469106
974,-105.85082156287383
975,-105.02551315116517
976,-111.77337078242456
977,-116.84037362120924
978,-109.72605035941456
979,-109.3256385717888
980,-107.37991643176056
981,-115.04398116415757
982,-99.12900564161588
983,-118.48878628961968
984,-107.03822344088104
985,-121.2225186774402
986,-116.98582208058603
987,-119.02556283369834
988,-228.49351621262588
989,-145.43228106901614
990,-167.36722100630146
991,-132.1262536353425
992,-129.15544320242157
993,-134.49073136334857
994,-116.56225937827601
995,-119.86800393074545
996,-129.898673456507
997,-155.3623730309299
998,-166.26702582393125
999,-176.65412149034518
1000,-155.1908072431543
1001,-117.5320439387342
1002,-169.58322665978883
1003,-105.93345902681884
1004,-109.56448057984008
1005,-107.14637763712332
1006,-114.30741628533842
1007,-126.9882849691675
1008,-101.17028697782622
1009,-132.86986227156734
1010,-105.17442972061652
1011,-119.01384024098986
1012,-120.30669108872615
1013,-121.05310159989322
1014,-123.51454212601922
1015,-118.01292442899569
1016,-118.05082429445075
1017,-114.27155305760029
1018,-104.02769096199705
1019,-109.91748375976111
1020,-102.42574406799139
1021,-106.00558757387276
1022,-101.41686692584203
1023,-102.57119337809065
1024,-105.0763467736631
1025,-102.44240177948727
1026,-111.97726975245232
1027,-125.59326990241999
1028,-109.1742818736241
1029,-111.28081316920903
1030,-99.13361709432606
1031,-107.89645481528709
1032,-116.75676389990079
1033,-114.46253979380202
1034,-169.48194628493536
1035,-245.29811268240556
1036,-126.29512369400115
1037,-126.11267789580259
1038,-173.88011167657785
1039,-148.5409729090155
1040,-221.33759689664146
1041,-258.4077021331018
1042,-160.67089111695478
1043,-142.79852990005776
1044,-164.8736188318756
1045,-138.39938065023705
1046,-41.32192527734129
1047,-113.15948723432224
1048,-154.9612715404344
1049,-149.9553355772617
1050,-124.41687863797515
1051,-122.56887778726977
1052,-131.05513262942512
1053,-122.35414788550679
1054,-140.5919320252479
1055,-175.31101276899184
1056,-162.39576991634573
1057,-111.08688125108796
1058,-117.25506998388231
1059,-122.14820879240469
1060,-97.1533260083022
1061,-117.80441104595326
1062,-108.4233718344432
1063,-107.86546405446633
1064,-131.17204140335758
1065,-139.87719694975146
1066,-139.37715463283126
1067,-129.06941800526886
1068,-97.21652045739944
1069,-120.48138490305683
1070,-88.91931002190988
1071,-126.22198286873096
1072,-126.70282775552143
1073,-135.90103026478755
1074,-142.70090973471105
1075,-117.63337244608407
1076,-132.7489631315543
1077,-78.59965561436827
1078,-128.94149508474388
1079,-50.88222964319397
1080,-65.21867307102313
1081,-33.533686480316724
1082,-123.13438708168242
1083,-38.00391972274045
1084,-133.93088644411395
1085,-55.42372729039897
1086,-45.94298973408331
1087,-44.813870058138235
1088,-123.49663645347121
1089,-118.59020594108736
1090,-112.72891909077083
1091,-116.31143358127564
1092,-118.01872185596886
1093,-111.2032447097165
1094,-128.7702182528991
1095,-116.85746580554957
1096,-122.0124236317018
1097,-112.65401092351597
1098,-108.22288714578835
1099,-109.32031315799975
1100,-117.85173391674283
1101,-107.00883879011417
1102,-126.66966177973995
1103,-111.99177677294304
1104,-114.91671210050124
1105,-110.56330644489086
1106,-112.37834526809311
1107,-119.15020345853756
1108,-111.75601890301131
1109,-114.07939311890179
1110,-112.19479252910686
1111,-108.7586744703593
1112,-118.19567866796605
1113,-97.02302729215708
1114,-116.22972852211909
1115,-127.46900791852906
1116,-95.44451753737378
1117,-121.36503895246712
1118,-118.6749920715985
1119,-113.40663032191236
1120,-116.34278728660146
1121,-152.79355137658436
1122,-104.70362110118094
1123,-123.17553594895102
1124,-109.65094682334737
1125,-158.9326915918332
1126,-104.84011628497956
1127,-105.30661586005695
1128,-107.07574467172894
1129,-119.86736792032833
1130,-116.21640166829776
1131,-103.62333986570832
1132,-124.25959658797547
1133,-126.62737820665909
1134,-133.4889836937014
1135,-126.59832084620724
1136,-104.93089277466437
1137,-102.17479934711048
1138,-132.88142851837839
1139,-104.38144991535881
1140,-144.36105051850447
1141,-142.4569330157789
1142,-162.4425129022049
1143,-124.43711351044232
1144,-139.69021306273547
1145,-127.11922211787741
1146,-122.02711392066902
1147,-124.10463687869753
1148,-145.5342249419447
1149,-143.63913878796765
1150,-143.4239736588842
1151,-131.04625246593565
1152,-107.26695535815571
1153,-119.83555583640812
1154,-124.83050683969175
1155,-92.74703831931079
1156,-127.8879418669335
1157,-134.713013274997
1158,-156.27821731654865
1159,-126.18431396301314
1160,-122.82023015261996
1161,-134.18691398064186
1162,-134.13279686454132
1163,-104.27402264370399
1164,-121.04007919767075
1165,-122.7295902243818
1166,-270.3102561617642
1167,22.57589722271132
1168,-115.50956113709324
1169,-108.58060729652516
1170,36.202394327350916
1171,29.509349245837292
1172,-188.07491526528875
1173,28.056540999950094
1174,-134.44900987830943
1175,-131.2359562112998
1176,-16.635956248655305
1177,-75.58516754423187
1178,-130.67047353916644
1179,-129.92434637418887
1180,-122.84989414635395
1181,-126.98300815862257
1182,-117.67280623325593
1183,-141.4575725238964
1184,-132.15850301720377
1185,-128.1640287708882
1186,-142.31460473934638
1187,-121.65544155229938
1188,-118.31435079299516
1189,-128.17194058714594
1190,-121.55113779378824
1191,-127.7866671479727
1192,-130.73960429911693
1193,-200.3460155450674
1194,-125.27538742611755
1195,-121.20274335074245
1196,-130.07441577530926
1197,-128.8165665552503
1198,-125.01348117247102
1199,-127.26026809127919
1200,-129.11182592278496
1201,-150.5210349090517
1202,-100.47854460824627
1203,-134.5010455179972
1204,-159.25091473551197
1205,-89.21942780393238
1206,-128.74690550380336
1207,-101.1237420213129
1208,-122.35887843134266
1209,-127.62479102966586
1210,-127.91511394346502
1211,-118.39397275664894
1212,-133.03149748746918
1213,-129.66115909957452
1214,-116.00086260149118
1215,-116.16874984601618
1216,-112.20605083828909
1217,-143.88217251164872
1218,-123.57761358857124
1219,-109.32126915315098
1220,-114.50558673982023
1221,-110.36143242044065
1222,-122.40979448454516
1223,-110.94567688297245
1224,-102.8161608868779
1225,-108.32120252340748
1226,-100.50883427694878
1227,-103.62585217779093
1228,-149.21446350715087
1229,-123.10495983474243
1230,-114.73719595208706
1231,-115.25320588216795
1232,-123.95293642786754
1233,-151.2649005384064
1234,-111.66093379772093
1235,-113.55963261360522
1236,-125.47312576788981
1237,-124.11555563502856
1238,-143.4616657509672
1239,-137.17825625195783
1240,-142.62945325647644
1241,-122.14015078610832
1242,-126.4935143703775
1243,-132.64433884597238
1244,-143.92789135727548
1245,-122.99428463037192
1246,-153.7436272160237
1247,-187.99636780064347
1248,-139.0450385301187
1249,-160.7619865231811
1250,-159.5449410901076
1251,-179.1839448993413
1252,-146.7137071838382
1253,-151.74311839841187
1254,-143.6461506274332
1255,-165.26714841799117
1256,-189.93838471780663
1257,-187.7252826732908
1258,-133.44493778676338
1259,-11.635534870432995
1260,-127.81031387267109
1261,-136.92955601706853
1262,-126.72963714092688
1263,-161.81047314460423
1264,-127.64458820532084
1265,-128.5417661985804
1266,-128.09878102919816
1267,-49.824499049933
1268,-124.84152371674024
1269,-99.1314180231547
1270,-147.64293388130625
1271,-190.0905165756127
1272,-129.747760393405
1273,-133.15986856940884
1274,-136.44157166996695
1275,-124.17564218716086
1276,-120.132021793984
1277,-127.25837850512326
1278,-233.05036827006668
1279,-133.43274194824164
1280,-126.54504019743953
1281,-126.22098416011947
1282,-121.75793508595773
1283,-128.55735670340283
1284,-162.9758361380733
1285,-178.86499540652846
1286,-137.65605071068742
1287,-136.9589098928824
1288,-131.7807136015636
1289,-103.97266803369725
1290,-122.54381458422364
1291,-147.93803827835944
1292,-136.0757799153095
1293,-126.77361786390291
1294,-118.79621100188197
1295,-128.37068755691556
1296,-170.834222148785
1297,-237.63109005249007
1298,-118.01531402290195
1299,-166.96732001211026
1300,57.075831003209736
1301,38.916672423814944
1302,30.27176502866325
1303,-98.9292642421231
1304,-7.665295884453079
1305,-27.140301850345004
1306,-63.268550746704996
1307,-65.45821463635411
1308,-130.21670568364792
1309,-118.31741117011165
1310,-111.12223599089828
1311,-193.57249648182113
1312,-87.49746715554804
1313,-102.52356344395639
1314,-124.91859869569512
1315,-126.55284645379906
1316,-123.01282011794949
1317,-119.66160572894492
1318,-139.6572498662091
1319,-149.6914933519254
1320,-152.86050259542571
1321,-134.09572619071403
1322,-130.58999810447523
1323,-120.77399069302763
1324,-72.79343761640324
1325,-85.8855676587239
1326,107.313329705071
1327,-122.40488891301693
1328,-112.27828646842796
1329,-162.7153290870128
1330,-149.93530177925285
1331,-216.7992246409538
1332,-155.66847448479317
1333,-178.11366599453845
1334,-166.3122314888442
1335,-161.6746434076254
1336,-151.499075645778
1337,-158.0036555152498
1338,-138.7300970862714
1339,-173.5399975475526
1340,-186.31298134276335
1341,-94.20257893196094
1342,-143.8049146860917
1343,-143.92671049889034
1344,-86.22011425244827
1345,-109.35108383338154
1346,-148.8502373652693
1347,-122.67427770524543
1348,-218.26218761095834
1349,-57.539646492829505
1350,-119.43992312901653
1351,-94.65546102081655
1352,-126.74418831276179
1353,27.49582458557188
1354,45.45955612972776
1355,-90.73177573130356
1356,-73.16149657541695
1357,-82.87083826033172
1358,-124.04236783047864
1359,-89.89320586161331
1360,0.30268306780282794
1361,23.235208190595422
1362,-85.94834884974212
1363,-139.7793536419974
1364,-106.11821356529931
1365,49.338586380556364
1366,148.40205844968833
1367,-63.73556667624618
1368,-134.23359385916993
1369,152.36791444462074
1370,-94.18552209655208
1371,72.66561489749729
1372,-130.40120625369468
1373,-75.53638102106643
1374,-122.38246181380023
1375,-110.37671663815105
1376,-42.69462930962349
1377,-97.64779247051271
1378,45.93218190221025
1379,-111.55344046482173
1380,-107.65356642864234
1381,-128.45211317929494
1382,-133.3377106723042
1383,-16.3735999302595
1384,-185.73596214048143
1385,-105.09170599668644
1386,7.8458333084867045
1387,24.61835125570578
1388,0.0344983148428068
1389,-107.77139801495923
1390,-81.69719616473033
1391,-36.764131987970124
1392,-110.94541325054789
1393,-137.2284799369083
1394,-165.70521754143311
1395,-112.80574330578443
1396,-143.79799162331702
1397,-144.42013298461995
1398,-129.33041933845817
1399,-194.5859427209313
1400,-129.60595228449628
1401,-133.97513178705083
1402,-108.75726946218685
1403,-142.76129798592197
1404,-117.15338859949107
1405,-113.7745102874584
1406,-182.09049657306542
1407,-165.7423888996371
1408,-146.8254281825482
1409,-150.5316364141599
1410,-102.18692745335107
1411,-145.13889845606445
1412,-157.52496656078938
1413,-254.16640361096682
1414,-143.17074379895502
1415,-131.9341386386977
1416,-129.08714941151536
1417,-130.50268119543674
1418,-149.5279106054444
1419,-114.82266137274664
1420,-135.5972383454678
1421,-136.4613827853751
1422,-113.10652998942422
1423,-110.52083020742951
1424,-133.5627854834623
1425,-130.14803847593208
1426,-74.55008803912192
1427,-99.04676144423401
1428,62.57001185947908
1429,-117.76925327619311
1430,-86.06120791871044
1431,-124.52892098822085
1432,-132.85696020155163
1433,-125.99597396509148
1434,-39.15448700580394
1435,-138.45209236325894
1436,-131.88379386755935
1437,-74.44492957144851
1438,-139.512050953409
1439,-147.7612169284307
1440,-131.33738155129967
1441,-128.49061168198486
1442,-200.64202611377223
1443,-77.63090905885932
1444,-175.0595079401484
1445,-127.01949251516315
1446,57.53653043049456
1447,-133.27049372545144
1448,-141.9467708893409
1449,-135.48579615802583
1450,116.86302449506822
1451,-136.18243073735596
1452,-90.59130807789228
1453,-137.3995765071801
1454,-123.52548640419333
1455,-187.7160913438889
1456,-138.3732041097374
1457,-27.028263167651815
1458,-101.4932123966644
1459,-131.5007460136743
1460,-175.7943803709897
1461,-118.18587146351304
1462,-163.80074273566774
1463,-128.84268020288857
1464,-138.486321153997
1465,-160.3195534840218
1466,-183.794320308977
1467,-110.90747386853984
1468,-112.95427932611905
1469,-108.46007510178606
1470,-120.98079254863936
1471,-116.77127380206139
1472,-134.53802150121788
1473,-188.67099205426814
1474,-120.79991802568563
1475,-130.63394446903834
1476,-71.8991987953179
1477,-179.7042621561485
1478,-100.66969093205051
1479,-126.02342475453362
1480,-148.2432339838916
1481,-109.1632216099732
1482,-73.10724327206029
1483,-183.622593913144
1484,-88.67002089531213
1485,-129.8536024033682
1486,-220.19319440015693
1487,-111.99777635993703
1488,-176.12571735928898
1489,-92.57213717090997
1490,-44.36184773660729
1491,-111.42426928762731
1492,-137.5458766199848
1493,-60.16487227225599
1494,-132.85733512115408
1495,-55.42548183112684
1496,-87.1991211887729
1497,-134.65841814675048
1498,-98.92898949325311
1499,-120.98983701898686
1500,-101.31847446577801
1501,-129.7758327025182
1502,65.03805381878287
1503,-44.105935839887934
1504,-112.39449516484419
1505,-100.51376201792037
1506,-77.51080986558568
1507,-11.105687003602057
1508,-142.44377920189012
1509,-137.77959255574785
1510,67.72425737618794
1511,-100.14277056787019
1512,-111.22188799005919
1513,-113.37847344351907
1514,75.95542040099934
1515,-98.89545738909909
1516,77.77352562368752
1517,-133.83198447338705
1518,-101.21208183627095
1519,-127.68916406771879
1520,63.24438827512728
1521,27.36105275642816
1522,-113.72699229774082
1523,54.815935435072305
1524,40.931903706496996
1525,-115.97570557565633
1526,-127.09354855395594
1527,44.27007960276029
1528,-39.4775891705567
1529,16.795380329506173
1530,58.98291707826883
1531,-79.63776106174026
1532,-114.76928186485073
1533,-20.177959347442354
1534,-191.8577866546953
1535,-86.49175633677285
1536,-32.683673433688355
1537,-111.0047287171242
1538,-92.19276948414398
1539,-78.86023917103337
1540,-107.9783777132502
1541,-114.46339223319552
1542,-115.57626490140086
1543,-145.95604902061183
1544,-215.5793782249727
1545,-144.97059195822166
1546,-106.98333832068457
1547,-154.68972452593263
1548,-171.27193978983126
1549,-248.07514300769068
1550,-155.25927208724403
1551,-184.3639779746842
1552,-166.31647198892665
1553,-163.34889302481216
1554,-174.5972769310807
1555,-153.80867035009427
1556,-162.74148394986105
1557,-151.87219769006404
1558,-153.6212813329189
1559,-273.4517197218848
1560,-223.5302574348601
1561,-168.2009558672372
1562,-168.7755037924128
1563,-160.62192900222482
1564,-164.49286456965348
1565,-164.6953663710502
1566,-166.4978330327921
1567,-166.56214175181873
1568,-176.16076246956354
1569,-108.36564580532674
1570,-136.06255365635576
1571,-179.2485713967851
1572,-136.21706228967656
1573,-285.6237592470907
1574,-168.6580252828221
1575,-178.1259650812545
1576,-174.00517915159637
1577,-154.53477936396325
1578,-104.34827459564295
1579,-100.81301532233724
1580,43.63841282355615
1581,27.955021952246035
1582,144.87262684058723
1583,195.41406853663216
1584,40.62303621678646
1585,2.0024753042823704
1586,157.39344301684554
1587,53.59845114829585
1588,212.86713074231815
1589,216.5157526682468
1590,169.73858185122398
1591,212.15688123475894
1592,-66.14989153174022
1593,29.10934867411737
1594,60.22034108195342
1595,221.10025233672238
1596,-9.806011646155014
1597,0.20402258904307757
1598,-90.65970921295389
1599,-58.613734168903
1600,-32.41291755603166
1601,-91.23264177265594
1602,-95.76555694822845
1603,-90.53381783472427
1604,13.124431080994285
1605,-37.33178901886692
1606,-38.93003000535699
1607,-23.10920166278369
1608,-58.54390466572217
1609,77.10831236769528
1610,-72.82327673355879
1611,-58.73977922584961
1612,-36.56112369940821
1613,-80.67712558693849
1614,-9.51433899023995
1615,-97.95511846456196
1616,-101.83740836259933
1617,-38.18342022297482
1618,-102.842220374495
1619,37.78142633768644
1620,-76.42006863394879
1621,-99.88747696870469
1622,-106.17580345349526
1623,-109.73470483037286
1624,-95.085638716406
1625,-9.391542539969677
1626,158.81507380214921
1627,-53.101831094736916
1628,-99.32962959825564
1629,105.18832933812647
1630,-103.69181600147874
1631,-88.41498117836306
1632,-30.34231001392034
1633,-169.09458983852147
1634,6.685585125839314
1635,-35.32690004788661
1636,-10.915579215679003
1637,-104.02687087749241
1638,-32.85506356114742
1639,-45.1592832919787
1640,-54.81097708959958
1641,-31.187918652747342
1642,69.99378011322678
1643,-77.04120685248128
1644,-80.38058438721983
1645,-68.449462177222
1646,-47.503875474260866
1647,-49.60494235471369
1648,107.50182063730814
1649,139.0655187665003
1650,98.09659770415692
1651,11.86901409289371
1652,-36.263995635119144
1653,-68.97298898116786
1654,-103.7162913523705
1655,-50.145879643636725
1656,-101.7220054665452
1657,-102.84480344073779
1658,-101.90367513599003
1659,-110.23148655650243
1660,67.06996442278545
1661,-108.27832224827607
1662,-133.52053309097244
1663,-109.9550502300767
1664,-109.2470636389096
1665,-149.57843999385005
1666,-139.81652170519598
1667,-196.15135787362217
1668,-142.195435121775
1669,-141.20349570013605
1670,-54.54517693078696
1671,17.004197846281286
1672,-146.65449897556383
1673,-25.621405130045943
1674,-57.2727253006885
1675,-81.79164252620835
1676,-83.72162201015244
1677,-87.81263497678191
1678,-50.54180293238902
1679,-63.05016034949612
1680,-74.0580022798174
1681,-47.606537950190315
1682,-37.962689628482735
1683,-60.54803087083232
1684,-72.8740707494918
1685,163.159239617729
1686,137.77808599296478
1687,-74.65659595168262
1688,106.40835782126605
1689,54.719247699898
1690,56.93798957901865
1691,-65.55193105882489
1692,-72.37843711742272
1693,57.07368395919588
1694,40.66934438255724
1695,31.659039576400918
1696,-87.06118639260548
1697,46.76039122415714
1698,-81.33930634720845
1699,-101.24087946529426
1700,-65.85864686571473
1701,53.99121150703742
1702,-59.29272153994693
1703,-106.71322500637281
1704,-75.46310888021368
1705,-67.37544893214945
1706,-101.01013958984842
1707,-58.860212125786845
1708,-85.23699668126841
1709,-41.354132682537305
1710,-47.23316516061686
1711,-98.98197710299766
1712,-107.54010187821527
1713,-105.44056232436313
1714,-60.137584613213136
1715,-88.42964781332628
1716,-99.44467932271208
1717,0.46465590387161626
1718,-59.24270350036945
1719,-50.78831889682177
1720,-73.65082839376942
1721,-68.66772867843042
1722,-92.21878128525262
1723,-86.47896092587663
1724,-33.72687557345482
1725,-81.17582363347486
1726,-55.87168763791553
1727,-57.821229287114086
1728,-64.56670866853295
1729,-50.75606684526917
1730,-83.5614658820285
1731,-29.58273531180602
1732,207.52862033961495
1733,-21.380289390097573
1734,218.87977038755247
1735,230.60745063869288
1736,86.17264612550733
1737,237.71662137375515
1738,15.644214188083183
1739,-109.82073584167225
1740,-109.02778724302239
1741,-25.839166481764522
1742,45.903651143532265
1743,-74.97087591385221
1744,-78.73647717665072
1745,-43.79664119864893
1746,-99.79953468665421
1747,-101.08153925805186
1748,-83.0105501059175
1749,8.468627329266251
1750,155.28079083045256
1751,-113.79610113161671
1752,-59.922536231892444
1753,-77.1275996066836
1754,-58.027985407181674
1755,-95.47166789142712
1756,-122.90514941993179
1757,-119.33498179697922
1758,39.0365502597586
1759,0.5726950780055233
1760,-118.6047311294052
1761,-25.088280557591915
1762,-124.42201291986902
1763,-118.67714527907653
1764,-112.23553162073271
1765,-123.13024021141658
1766,-112.6198450383084
1767,-103.32113227709851
1768,-99.83438977180423
1769,-49.27878156987341
1770,-101.7763002359228
1771,7.011228088940243
1772,8.604604599789724
1773,55.0061859495365
1774,71.97256998576768
1775,-148.8724822666966
1776,-162.5200660705399
1777,-51.911036997216215
1778,-122.7484445639491
1779,-122.38450001310616
1780,-103.36872218865244
1781,-73.09924381176403
1782,-122.25003320297736
1783,-123.24950249037937
1784,-120.85022667118622
1785,-120.76072221986858
1786,28.129052252765774
1787,-52.989310141173604
1788,-122.71076693474048
1789,-123.06368856567516
1790,-153.40897475714527
1791,-115.49277997326033
1792,-150.5700951498631
1793,79.47112278220743
1794,-159.53836121011392
1795,-169.5698365164583
1796,-173.80086234132176
1797,59.80343276052767
1798,259.7742963110928
1799,-15.346144130074535
1800,-101.64598280519962
1801,81.61250273262033
1802,-83.62124279512622
1803,8.940462137259118
1804,-102.23421422530035
1805,-165.00478706277767
1806,-46.49623066834733
1807,14.230233939997547
1808,-163.55481061830858
1809,97.52405489030392
1810,-30.81515853707802
1811,-2.754674722922701
1812,254.8877390781438
1813,-153.26382796940118
1814,-114.63599752457775
1815,241.8790440173592
1816,248.42600654024787
1817,-218.9708795826932
1818,-51.11389151522261
1819,-39.305325648892435
1820,-155.60867552893907
1821,-119.65767138708377
1822,251.52375119806467
1823,253.53619450880356
1824,-203.4703855957319
1825,100.35583506051387
1826,-110.1957317634029
1827,-142.77765494277807
1828,-180.51679540496457
1829,-180.45148705092762
1830,-197.80681365541727
1831,-128.4424702470729
1832,-192.0034840910069
1833,-182.39338642259463
1834,-144.18333504304928
1835,51.48828545882523
1836,-116.41883800796933
1837,-159.10705720024555
1838,-149.85528756593794
1839,-120.70759468219794
1840,-115.61950941466219
1841,-127.58730674674588
1842,-121.644343813484
1843,66.00156493667455
1844,-28.73915418850433
1845,67.27550633994727
1846,-86.75143662242014
1847,-7.433462339147454
1848,-61.10068649834992
1849,-22.892741759543
1850,90.35892995712496
1851,-22.25170110110946
1852,4.086329877330115
1853,-121.86825681733755
1854,242.81571752414632
1855,249.3240963295069
1856,243.23527476278213
1857,-127.43104467251669
1858,244.24554923333204
1859,39.166936516040806
1860,247.71722430114477
1861,242.157293164833
1862,-105.64571959819388
1863,246.41327657017393
1864,248.9639731297209
1865,-49.23962888059355
1866,254.81513740479514
1867,-99.5254905793222
1868,258.52989596647603
1869,24.63633833927824
1870,253.53682106893186
1871,102.33240545450525
1872,77.89932829387277
1873,257.1317085874378
1874,5.573932112715639
1875,125.1816878979422
1876,16.72363380356515
1877,246.0434826273666
1878,20.128946726888586
1879,239.35298038848606
1880,225.7688361845811
1881,220.6159644198281
1882,28.79035655321249
1883,206.76945599875748
1884,110.48570964009227
1885,209.3720594893936
1886,215.39088418173264
1887,-93.78409043613621
1888,-95.64743239050783
1889,-41.38161497244847
1890,198.51173183539697
1891,203.3922016878906
1892,199.4023411441075
1893,219.0563248138671
1894,218.26966897357863
1895,-90.2314740256619
1896,-123.22285561768626
1897,229.15912249687062
1898,211.26334996210477
1899,232.22368376458567
1900,-114.95858708210352
1901,-163.8178193841636
1902,234.98515775074827
1903,-2.5146364859510157
1904,-70.84015883762298
1905,-123.55413068954512
1906,-102.47097339252115
1907,97.90283752341068
1908,-127.05353601015861
1909,-137.81273269363192
1910,242.37413123443525
1911,240.90514230621866
1912,233.17601734181238
1913,-40.332959129159754
1914,-31.445113152795855
1915,-94.18922885935618
1916,2.4192636267489434
1917,-123.31520396686648
1918,17.083092271897257
1919,-78.5620450555918
1920,-105.37593291486748
1921,80.73690863912931
1922,39.978653074694705
1923,-61.87383977936787
1924,-102.1560275995972
1925,237.53603467082345
1926,-56.573301737089864
1927,137.37234208870427
1928,-95.32946764601871
1929,-2.223457616065275
1930,-100.57622330575309
1931,-39.088019320990824
1932,-151.757148376203
1933,-97.33159156224205
1934,226.08207747916444
1935,-100.7902993630478
1936,226.04620285986047
1937,-97.49396546986868
1938,-123.90248221384945
1939,-41.19674700829544
1940,-103.04541163716945
1941,227.70219556258357
1942,-126.42499510124607
1943,-135.38702806532925
1944,-141.0917003116981
1945,-107.8553278930356
1946,-137.93229591194773
1947,-121.90031809034093
1948,-60.146029185248324
1949,-103.54807659221306
1950,-61.49462728342724
1951,-108.58285128168272
1952,-67.13070884409879
1953,-123.67143434005203
1954,-133.64222954394123
1955,-107.60980534089633
1956,-117.92079696553115
1957,-148.88881436330593
1958,-106.38403645125854
1959,-121.08883492875424
1960,-102.17617692176259
1961,-116.20612608027504
1962,-122.66583837976772
1963,-123.26341679275939
1964,-109.48866971461757
1965,-105.01935762351391
1966,-100.87189457755261
1967,-118.87935050853969
1968,-122.43666174479688
1969,-122.4705186182713
1970,-85.59658443820692
1971,-119.41329011017186
1972,-123.08023892096215
1973,-122.11499795998944
1974,-121.4305945896073
1975,-118.97871228695993
1976,-110.08415295310752
1977,-112.24447484442516
1978,-99.51647231506553
1979,-118.0415414177207
1980,-119.44585700267808
1981,-120.10508958562075
1982,-119.66419997278516
1983,-102.23767555003049
1984,-64.78347290905918
1985,-99.87562583398821
1986,-121.35671902203393
1987,-76.19892503466937
1988,-122.64321020229019
1989,-107.22819322032917
1990,-122.33608914907515
1991,-102.17403846597665
1992,-90.84800480523057
1993,-98.00844297609234
1994,-120.81033318903015
1995,-80.06289944877618
1996,-121.22815997920429
1997,-90.78629486608013
1998,-119.9778146541436
1999,-66.21826845917296
2000,-105.22144732023888
2001,-63.04507800429607
2002,-27.66476617434425
2003,-101.44493202808289
2004,-10.402780992225146
2005,-85.0114880995009
2006,-51.03190854998254
2007,-68.71037685975453
2008,-89.51614390264336
2009,-105.78772749434982
2010,-100.63904567299836
2011,-93.68106039907617
2012,-66.00169145171219
2013,-87.24338065041265
2014,-51.35405749711425
2015,-84.68250993165546
2016,-112.58792470739127
2017,-60.286431711488966
2018,-82.21529893395058
2019,-67.0388201319733
2020,-19.472152669485865
2021,-47.01439505244042
2022,-79.55374061141583
2023,-100.12289714365667
2024,-85.65320011140315
2025,87.38431678446838
2026,-42.236114913548526
2027,-92.65184408670635
2028,-99.51014387607812
2029,-34.146882403574494
2030,-24.92678673891399
2031,-39.92180423128848
2032,-55.108947940742446
2033,-97.42213910377072
2034,37.290685911411344
2035,35.3205549564276
2036,26.435424721295334
2037,23.113633433362935
2038,-120.64222466668559
2039,-134.79647279702505
2040,-48.98868962816468
2041,228.51448222131964
2042,38.010168192513646
2043,-6.734282670239409
2044,25.568304710374576
2045,-102.08623037694099
2046,-82.69331771839398
2047,-123.62930704588207
2048,7.820178148904972
2049,15.53550811446847
2050,227.5331298342186
2051,69.8947687956265
2052,-96.30688909454464
2053,-63.84190106549062
2054,-107.45900361648555
2055,-62.32274329193474
2056,238.1547736704532
2057,-104.10619776542484
2058,-74.83617060239646
2059,-32.01958642367423
2060,-100.59844801232076
2061,-87.80405538148487
2062,-73.25516997594062
2063,-123.73355114733191
2064,-106.02610176021912
2065,-56.989066080209376
2066,-48.0808058968663
2067,-107.3508103234264
2068,-60.76131090051685
2069,-22.830240563212342
2070,-106.68270228576372
2071,-106.42018579393293
2072,-76.90804331844139
2073,-115.12153956590649
2074,-118.40224758962663
2075,-107.22590171983995
2076,-108.20711358378102
2077,58.6994210953425
2078,-108.25773733057828
2079,-72.41792262504045
2080,-101.59035270164547
2081,-110.9296156416426
2082,72.24639760054461
2083,-108.24719795586122
2084,-80.17826233943981
2085,-113.98739111874572
2086,-87.97550003420757
2087,25.85371589339121
2088,-109.01170208186842
2089,-75.68478803511253
2090,-111.41114079207755
2091,-114.6867969509631
2092,-120.98658439621518
2093,-116.57577705628212
2094,-106.83935246012398
2095,-116.13719053445257
2096,-113.96532964141554
2097,-122.55259790222878
2098,-66.37116343759061
2099,-115.2318638060314
2100,-110.63039860783785
2101,-85.75917223194291
2102,-108.14926215361135
2103,-133.24192022122048
2104,121.02975770039149
2105,-110.78052608530805
2106,-108.6416019171265
2107,-117.75208337256666
2108,-74.22452399017288
2109,-59.57406544224957
2110,132.22361095978775
2111,-119.73081958261449
2112,-121.51558491329945
2113,-127.25683107495949
2114,-111.96577522705799
2115,-84.60930888086642
2116,-118.3569414104836
2117,-47.477272675933236
2118,-78.11049741693964
2119,-110.44596397775227
2120,-111.0874630215348
2121,-62.327788310460996
2122,-54.24207900421283
2123,29.194116883858328
2124,206.03593368029783
2125,-107.13073923787172
2126,-108.75770796037453
2127,-122.7501297706982
2128,-97.3952913626356
2129,-109.92617915024809
2130,-97.51889756266841
2131,-92.41549501922174
2132,-92.27136515982374
2133,-64.37636969378183
2134,-30.07540955137864
2135,-136.01809125557043
2136,5.654964034259976
2137,-85.80864358823086
2138,-136.6310896433277
2139,-43.36412178241983
2140,-116.78570672349885
2141,-90.98439439478555
2142,-106.58398647962525
2143,-109.0614348331259
2144,-108.62091938777048
2145,-111.7576537526716
2146,-161.29074864150468
2147,-107.30591409872709
2148,-112.75305310091207
2149,-107.4224125917972
2150,-121.33410446885236
2151,-129.416977331842
2152,-41.489908233526336
2153,-116.7175149467233
2154,-112.35773187548844
2155,-110.50726735330836
2156,-48.575209114371134
2157,39.54549463963869
2158,-71.00400113993655
2159,-53.39564790156346
2160,-109.82107626207731
2161,-5.775686671845477
2162,-108.49347111830404
2163,-74.57081028257006
2164,-46.979367843360976
2165,-32.55481712018411
2166,-30.196216009415025
2167,-63.35061165989398
2168,-39.95763384577653
2169,-33.323253801446995
2170,-99.92506160132724
2171,-80.34657946069788
2172,-101.82071116750477
2173,-46.089700795044735
2174,-50.673721399348345
2175,-35.993194635048326
2176,-42.74962618659382
2177,-55.86078670389825
2178,-65.81371275150912
2179,-113.65524571213443
2180,-111.00859918232908
2181,-103.08011480328906
2182,-65.16075539889944
2183,-115.59170913640713
2184,-123.70917025514676
2185,-111.0046203631333
2186,-72.82177188586746
2187,-74.03804454387188
2188,-2.283537254129911
2189,-75.19734893180264
2190,-22.1931149841528
2191,-23.05108329479161
2192,-123.26647801015832
2193,-8.860661751944122
2194,-116.29133540358269
2195,-106.96511820220567
2196,-110.76290721075635
2197,-120.9705982450115
2198,-112.61455357342734
2199,-24.38866336988582
2200,-39.603765591015275
2201,-184.62120688442585
2202,-55.08975227040976
2203,-89.58558528920217
2204,-104.47777506831572
2205,-20.618638900233265
2206,-52.37477810062269
2207,-104.90255752384822
2208,-33.22219024788487
2209,-102.59970022718328
2210,-103.52739228457186
2211,-101.22314063910972
2212,-38.928815544243704
2213,-107.32541267149556
2214,-121.72087581992803
2215,55.21260313657109
2216,-102.2905402724086
2217,-109.91301439563367
2218,-93.27705918089954
2219,-21.674704040208127
2220,260.2635712309509
2221,-109.7653849662882
2222,111.5894005643629
2223,-99.49107791625134
2224,-143.69977830561757
2225,79.53421772778938
2226,-130.39432880765747
2227,136.60324720737145
2228,-34.5639142131636
2229,254.318255289538
2230,-49.86030570775883
2231,255.39347135681945
2232,-98.71980486098678
2233,-115.53808656199804
2234,13.41270473647532
2235,260.334395207951
2236,-137.03821903809165
2237,-150.5570083114399
2238,-46.691260664002755
2239,-181.21416420075838
2240,-112.01507139876979
2241,-144.75454589093843
2242,-108.14447652494623
2243,146.83024622718835
2244,-50.310808815022185
2245,-153.56174652316244
2246,-110.39301200483769
2247,-108.02305447268128
2248,-105.20737343084052
2249,-105.56176735380024
2250,-113.00704623095206
2251,-118.46334709571666
2252,115.09905504658695
2253,-31.89568867732315
2254,1.5113243232831906
2255,-107.39516200312114
2256,-9.395632672902352
2257,-76.24675760767865
2258,13.156586192829963
2259,-84.84331709363148
2260,-143.4757519059936
2261,-17.080584054989686
2262,-29.341055411813343
2263,-10.9097601427178
2264,-11.594652752220128
2265,-65.44759651411474
2266,-59.488414239254425
2267,-120.22166943894308
2268,6.929195318747361
2269,-105.36034782379018
2270,32.219265378127005
2271,119.0895694882669
2272,264.74019759330014
2273,-110.59179680863531
2274,210.53868813777257
2275,266.9391930716133
2276,265.4922949680074
2277,-83.62407618068605
2278,268.2038686659671
2279,1.7138032306002344
2280,-53.354398147171686
2281,259.34928181384066
2282,258.2217731502471
2283,238.42657914130098
2284,231.55367186313495
2285,107.89308617163246
2286,-173.58731459394892
2287,-90.4003789049908
2288,-140.51930652491257
2289,251.1533870739093
2290,-36.907797835538105
2291,101.01992951924018
2292,252.8994485947016
2293,241.57801115954499
2294,126.14964171457078
2295,242.1760582961116
2296,227.42920001265003
2297,233.9217599565519
2298,226.14007235127514
2299,-117.21233168954132
2300,-138.00280624082214
2301,-117.012524581789
2302,-117.87748308021641
2303,-114.65507050129777
2304,227.91458439659516
2305,-121.86909114785948
2306,-121.83556423061474
2307,222.17847012773444
2308,222.7104726342372
2309,-141.6669825389239
2310,-122.28755289243601
2311,-114.18504547415523
2312,223.1530331090596
2313,226.296480744604
2314,227.5749470338619
2315,-15.254506386916347
2316,230.17077850657753
2317,231.56345506425745
2318,235.03076874090573
2319,-139.00143405627813
2320,-114.90899821309551
2321,-115.63871024503521
2322,-85.81821427094715
2323,-98.15925567667844
2324,3.598199680164342
2325,242.2564755314809
2326,244.99211144524767
2327,29.69676374805951
2328,-101.75496847895951
2329,-94.84046704613021
2330,-121.91823188065106
2331,-96.98412704193161
2332,111.62013094474167
2333,-90.8244747529249
2334,-113.18344438160312
2335,-114.79443972348494
2336,-181.01138469801927
2337,-118.5948354955769
2338,259.68733465926994
2339,-139.02718705539775
2340,-117.51442586792425
2341,-117.4515270432504
2342,-117.67244422631767
2343,-116.37361294849927
2344,-121.18485289835279
2345,-120.84723014356142
2346,-119.17477790243964
2347,-56.39433660318673
2348,-117.83960206774955
2349,-118.87003834104355
2350,-77.67709333588974
2351,-123.1091481942874
2352,103.12757427492781
2353,-118.99641750818301
2354,90.80148338659549
2355,-119.28531999422901
2356,128.77949279434833
2357,-118.60427226521945
2358,-120.13824175649957
2359,25.041546973368227
2360,-23.757991233616394
2361,-122.58468638651073
2362,-129.83936554393796
2363,-122.60347452146405
2364,-139.3556506699736
2365,57.35526517929887
2366,-115.41280423797572
2367,-85.58988603706779
2368,-114.89588576468431
2369,-123.109687587709
2370,-116.13812932455996
2371,-116.70226861687576
2372,-116.86042607426023
2373,75.84301127172023
2374,-66.57888541344524
2375,-114.51650227852511
2376,-118.90134124345714
2377,-114.73481952067087
2378,88.49163096004133
2379,-114.45297430305594
2380,-114.80304770717261
2381,-118.44419954156034
2382,-80.36791412087777
2383,-116.54955220939927
2384,-113.41282131016601
2385,61.2811712214276
2386,-114.90699406695138
2387,132.99259470720395
2388,-162.34187348877984
2389,-178.4017254640187
2390,-123.10426637049787
2391,-122.32095606422283
2392,-118.94275575366314
2393,-130.52660881655572
2394,-121.6159698427598
2395,-149.51544902875332
2396,-116.4838369130861
2397,-142.57240344578872
2398,-2.725851709157979
2399,-214.59103893398242
2400,-117.10636061669814
2401,-113.27690107115863
2402,-112.64938305218972
2403,-116.2192990938997
2404,-115.9187433508687
2405,-115.16149197140294
2406,-115.33227377741771
2407,-152.35732479989557
2408,-135.24915558442294
2409,-126.31923683878081
2410,18.700759652283082
2411,-171.03024335574946
2412,-44.43387495832426
2413,-162.01765946637
2414,-98.91225689446982
2415,-64.5731907676236
2416,-78.82807275717818
2417,-131.11786034132706
2418,-81.96635449969452
2419,-118.70458283964444
2420,-146.785852670532
2421,206.1662429701384
2422,-143.3255008297023
2423,-68.46798810840278
2424,-142.82720319022192
2425,-122.19902649691052
2426,-44.912169839389485
2427,-129.2417864458241
2428,96.4535121046702
2429,26.561926329925093
2430,-133.9756482407454
2431,-106.27675563701861
2432,-111.48821570955428
2433,-79.29026270115305
2434,-110.04747156334581
2435,-171.60367773332226
2436,-199.16851439859863
2437,-4.256937709716216
2438,-106.30836015411818
2439,2.374955283069866
2440,-85.61537203243005
2441,-53.38950176343312
2442,-124.04437056303748
2443,-117.4569166827433
2444,-115.0229907161115
2445,-117.5362317445553
2446,-130.25812458431017
2447,-82.95839261975945
2448,-114.81572514848551
2449,-163.2251168846506
2450,-106.3099581099841
2451,-144.95510798405166
2452,-132.63987013790683
2453,-139.4298311779994
2454,-142.8380115361092
2455,-154.43581830280982
2456,-102.44672340361443
2457,-123.1413571156884
2458,-164.34651998723086
2459,-125.02483800730009
2460,-133.70383657457043
2461,-164.24337053159596
2462,-155.30913865333497
2463,-149.87019388051547
2464,-175.59625583050405
2465,-143.7931851136629
2466,-146.22766046465563
2467,-146.25065405256063
2468,-135.4938730811862
2469,-142.84340299432986
2470,-125.6717300243666
2471,-125.88114161029524
2472,248.42960883575174
2473,-126.81132103378357
2474,-125.65886240242672
2475,-146.0279673438012
2476,-136.45713382602378
2477,-130.39878721387228
2478,-129.50957768723248
2479,-137.57143106332194
2480,-139.39257344828948
2481,-138.31346773844066
2482,-141.02967410706407
2483,-145.73175320743272
2484,-146.85510733687624
2485,-143.1708883344372
2486,-133.43272143011248
2487,-139.09057340863498
2488,-149.62391349260548
2489,-38.03852630733809
2490,174.41188715851666
2491,-47.366004594964714
2492,17.663033893494838
2493,-3.1488244689851497
2494,-2.3818713912847755
2495,-111.91414167773888
2496,219.6731256020201
2497,-62.1995432560914
2498,235.10904746483797
2499,235.60470182702014
2500,230.80815415673953
2501,126.0950856920554
2502,-105.54122853293975
2503,-35.432315067546526
2504,233.34244496740948
2505,245.8818987158183
2506,251.59120718171286
2507,242.24555030569763
2508,244.83826245016994
2509,-108.70959545287343
2510,226.78774949033362
2511,-67.06899735775761
2512,-62.96189016995481
2513,-17.991900803208225
2514,240.15473459810883
2515,-102.27239659042564
2516,57.53709483890711
2517,240.68420505065026
2518,230.76877293503387
2519,-100.77694285308695
2520,-37.61505486316023
2521,-75.6650245122403
2522,170.7906704933183
2523,-119.54337568649895
2524,-88.85487990719946
2525,-73.3236826190483
2526,151.2863216549794
2527,125.80598726367788
2528,-41.84128494696752
2529,-136.81894010269085
2530,-100.76079914933119
2531,-76.52286000903538
2532,-13.584855506252808
2533,109.24979130057083
2534,115.80516889676039
2535,33.392520565446425
2536,-87.47640800317063
2537,-107.299859536793
2538,-111.47548373239431
2539,43.20205632439557
2540,-112.70642023531009
2541,-97.28262236166623
2542,-87.12964085187876
2543,-111.14863015595374
2544,-115.67507455862253
2545,-81.2909567671303
2546,-116.30730810798147
2547,-104.38911123141983
2548,-89.14507257825608
2549,-108.55519701078038
2550,-97.2272303460788
2551,51.07299539652878
2552,-126.59746347219122
2553,75.5304567503855
2554,-27.88927118011111
2555,130.16464697999845
2556,19.523415003281315
2557,-101.19021561270499
2558,189.56090645182184
2559,248.57452200575463
2560,-18.683759250419612
2561,84.07475349896905
2562,112.80462845024718
2563,-105.74600529952806
2564,42.31990912420193
2565,144.22947670821523
2566,-43.34773523580221
2567,27.31174013918337
2568,-61.444246032437
2569,55.157240977246914
2570,52.23348019983618
2571,-35.74488987624039
2572,78.84087696297553
2573,-5.765182442434721
2574,-63.55914567428936
2575,-67.73752338135478
2576,-48.77911158188074
2577,6.11385216440685
2578,-63.90322880895492
2579,-75.22594643093252
2580,-98.04879425204987
2581,263.99195558296185
2582,-118.05848419679538
2583,273.32129332040535
2584,-54.5032336442931
2585,-121.03262585181425
2586,-155.12300992840207
2587,-146.6423112693493
2588,-144.21375570058754
2589,-190.39880520986145
2590,-143.0629093106956
2591,-182.98647288231143
2592,-162.28940635192862
2593,-178.3654651391522
2594,-134.6294401625568
2595,-197.88178361645333
2596,-132.63695640254764
2597,-182.76916017873566
2598,-192.33504957522868
2599,-207.77945182182668
2600,-200.5703379821236
