1,-95.2744357032234
2,-121.23171112330101
3,-121.2903726093655
4,-110.49248876490314
5,-141.84750181264397
6,-149.01972175594764
7,-134.82131580516358
8,-109.88368218210336
9,-145.21702861315123
10,-164.4956216200851
11,-137.74194204891472
12,-106.31262316958968
13,-104.80110042009588
14,-102.94666751841645
15,-104.34369192013192
16,-102.43248992093129
17,-103.23306890820207
18,-129.05679734436916
19,-108.63121761865536
20,-128.4091206565473
21,-111.1674111370667
22,-123.63744342240442
23,-103.8410106689641
24,-133.68394476999208
25,-127.21094460871188
26,-128.05923917018373
27,-104.94097791136097
28,-150.22396060840668
29,-141.02596277984694
30,-110.382001301385
31,-120.26226796191686
32,-114.38669597182304
33,-121.82757974778075
34,-112.18658749765416
35,-119.36207525381809
36,-116.3568604506478
37,-119.81378464192524
38,-117.56569723752065
39,-123.46904055251326
40,-117.92631321299203
41,-120.71396949794419
42,-122.90398010035125
43,-121.2513549313767
44,-118.70079573787817
45,-124.80545503240994
46,-123.04069721809388
47,-123.30731836306768
48,-120.24970403712524
49,-123.87368944433189
50,-124.16449646375892
51,-122.22546444971772
52,-122.81724791028343
53,-112.80906226176667
54,-119.4408327853748
55,-114.68963041073447
56,-114.73688884254351
57,-121.25988242856613
58,-121.51548330639105
59,-125.29156300226629
60,-109.73680397209154
61,-112.40725308947879
62,-113.3556735625673
63,-109.52286009048977
64,-112.77983104093009
65,-112.41484747376894
66,-110.83904427845336
67,-104.25366014116298
68,-112.66170336045161
69,-105.89175069021705
70,-110.16396313413351
71,-110.8049702780079
72,-112.05284163548318
73,-113.70995196071647
74,-115.3822757595846
75,-122.49410388899629
76,-116.32439480847329
77,-114.3113950858413
78,-112.15088161013682
79,-110.23648053329225
80,-128.51441061496055
81,-127.46046328346787
82,-111.42995138105486
83,-128.44607141758163
84,-109.831053194933
85,-121.36553270369372
86,-107.3591842218271
87,-105.51372759861106
88,-104.48686992194669
89,-105.16113172527457
90,-102.75813205756705
91,-100.24101058675869
92,-101.51178887421969
93,-100.70762021434405
94,-95.97724277065997
95,-101.50769059109884
96,-99.15285273548993
97,-99.32330781941228
98,-97.4981981455403
99,-98.14003567572057
100,-98.49694017717967
101,-100.38633816552071
102,-97.93534294242244
103,-100.99513394593214
104,-102.08780106319689
105,-102.59483053760287
106,-99.83589550287617
107,-114.51471712783093
108,-103.71921245945377
109,-105.22381912129399
110,-98.01319329610072
111,-106.14634967990231
112,-107.26565480549645
113,-106.29746749172241
114,-107.7101889171169
115,-107.45235514555031
116,-107.64795490672698
117,-110.64136847401724
118,-110.72309970130561
119,-110.15578483831607
120,-110.70869896549775
121,-113.88876037182118
122,-114.96492484376614
123,-111.44893819766779
124,-104.71012897380794
125,-108.42145364901053
126,-113.29637878061362
127,-109.0113206205585
128,-127.42693239568925
129,-99.19866820155141
130,-95.9262938786897
131,-138.59288595277357
132,-69.20501550194668
133,-89.17266820806121
134,-71.2137159706714
135,-90.80983829332341
136,-95.22021234688383
137,-59.23770138881612
138,-97.43024848215103
139,-89.1938786028734
140,-84.78913421695557
141,-89.23065291214803
142,-86.96028649478495
143,-93.75322534112867
144,-93.85852386430176
145,-124.86294094231975
146,-144.72443553014364
147,-130.84787600308715
148,-112.27625280894112
149,-105.53519358304132
150,-109.59488939283392
151,-89.93558984498172
152,-120.12696905256139
153,-112.6917937257322
154,-127.62484608900301
155,-139.93818065533165
156,-136.02692240423775
157,-122.67457542342687
158,-103.2839783156014
159,-135.49696468279802
160,-113.06427601175307
161,-115.69685741133884
162,-121.30555757816923
163,-165.25090732130062
164,-112.21563358650617
165,-112.73521064897962
166,-107.24807223037669
167,-118.3803328388174
168,-135.52045514438032
169,-133.09784273498997
170,-227.89565567904685
171,-113.85312632034336
172,-111.33055170568214
173,-155.09834351083904
174,-112.84369314509881
175,-116.51538900683677
176,-111.79427772536424
177,-123.0077443891669
178,-154.9618100560969
179,-105.13082362000887
180,-86.84445109412484
181,-126.1738162017475
182,-115.84825409629775
183,-126.12552309602968
184,-118.45983584269445
185,-113.73990354864381
186,-108.94873780658128
187,-96.62606082452307
188,-84.29250541983227
189,-90.30994387723128
190,-91.10291464887918
191,-133.0401445240795
192,-81.99203769830162
193,-85.34566857885362
194,-78.40363161508633
195,-85.88182151245337
196,-80.44386116614655
197,-141.09539845474808
198,-81.86351731297755
199,-65.36749029728841
200,-80.13305598881017
201,-119.5185826229693
202,-73.25704556353502
203,-64.73294923999859
204,-77.17088023712887
205,-85.59351340803623
206,-123.59577059377543
207,-90.00058371979756
208,-76.50716992440303
209,-111.2014698417019
210,-108.19669491388971
211,-70.52172363915358
212,-58.86006004522482
213,-20.595184474695287
214,-82.28152393605028
215,-63.636401588710775
216,-76.3241287871271
217,-115.8178812866574
218,-97.9145308544102
219,-68.56374956327204
220,-70.67875436720176
221,-106.67399339637569
222,-92.49274434645352
223,-65.97641109914761
224,-69.73937306315061
225,-77.02837044069612
226,-76.4822940016396
227,-95.51812879094001
228,-104.33491720529005
229,-79.45143675024805
230,-92.01719751026991
231,-127.25126522404766
232,-91.70203851189181
233,-131.76604109511607
234,-85.53843829477172
235,-86.42779902407545
236,-67.15946640197997
237,-87.65496550491129
238,-77.98689742240929
239,-83.86127087983014
240,-87.19977947613434
241,-80.25583860491263
242,-64.34257886935393
243,-80.50413371940435
244,-102.53033789244934
245,-69.45799696623085
246,-107.57784283486085
247,-70.58240147314305
248,-90.08872537743102
249,-93.86634264150204
250,-73.28639480423145
251,-76.83557949066594
252,-72.88875867701626
253,-98.50871136518899
254,-70.45618011325983
255,-68.69197824203839
256,-70.96004637807594
257,-68.5278190716526
258,-74.43060086414314
259,-62.84837259224224
260,-121.5640133053537
261,-63.187597412686
262,-105.55926318031034
263,-70.13524069865807
264,-70.62302032790143
265,-66.90909582569542
266,-107.46810095709964
267,-70.48890869579506
268,-106.58392307514717
269,-104.88478387058922
270,-104.04116857043134
271,-108.47553495625974
272,-105.78395315353025
273,-94.28014732537821
274,-99.45926411646323
275,-101.03900281490282
276,-48.36163696207372
277,-77.15966653192555
278,-96.64851774096671
279,-90.45846346246583
280,-90.20856440124878
281,-83.84800435271562
282,-69.9925638337467
283,-53.63142457503046
284,-59.59821170551993
285,-48.91763003623064
286,64.05863955799964
287,-87.48556850611536
288,-81.11863072904818
289,-41.06884192466671
290,-31.21319549213601
291,-79.30415449355881
292,-40.38056951404883
293,-18.323537972467378
294,-69.45813725258581
295,-53.703312211047354
296,13.782769371491412
297,80.7828247430937
298,-74.39865725002589
299,-42.947532559654896
300,-71.64028262561683
301,21.62418989444587
302,50.452477719118974
303,15.101720888212157
304,125.09171508109912
305,110.79110424355467
306,-12.196730070749553
307,-81.62420451622933
308,7.830499804757174
309,-19.409794579561
310,163.14190129365002
311,-37.73962482130835
312,-49.899328969991274
313,215.64888594722711
314,101.5459947077464
315,43.818330063880495
316,99.2168047139288
317,60.94955747328785
318,-37.981345093310125
319,-56.99393276707613
320,-88.08886277763102
321,-107.48234121186479
322,-92.89042282736737
323,254.6845188143707
324,182.46660611408984
325,-67.65267714557667
326,79.91713862055394
327,-99.2064303113832
328,-81.45515415435553
329,-9.785326491349629
330,153.89684707712445
331,278.0255721994542
332,0.6727048628063043
333,-24.75789502652357
334,-33.833529982284794
335,32.57474296197504
336,266.6189546771091
337,271.7172836838396
338,-100.21376257037562
339,-39.16941322065272
340,-86.57988964883542
341,-104.64677709130778
342,285.08265310498064
343,16.60456155917112
344,72.0565472298803
345,276.00279877157567
346,282.55961320320114
347,-8.13204656929289
348,3.1180556854014014
349,281.98142017424703
350,-41.42751637537618
351,10.962194705394353
352,286.5460276131362
353,-51.432181050441756
354,290.0344996292925
355,285.1240472834247
356,284.79805436781487
357,281.8723366808967
358,282.98880680072557
359,283.11607306228507
360,283.4754603528931
361,-99.7303540467021
362,288.28389342454767
363,286.0260468215539
364,292.8003186969476
365,287.64822260167995
366,290.00127253283364
367,288.947052479104
368,288.0847262682542
369,287.7558219696655
370,178.2007642362599
371,293.0650917513223
372,292.47728268102213
373,295.3079536771201
374,294.9504100227138
375,289.26219985352526
376,291.8927134540261
377,123.26047279264066
378,293.6938395269114
379,29.966146141213784
380,297.1149124999071
381,293.07407657427916
382,292.3454943116924
383,292.9748156526785
384,297.4534695950307
385,167.75681814806637
386,296.5836021730283
387,290.86659511613635
388,45.80266529405728
389,18.182574953788716
390,110.0960068407762
391,296.4016066262824
392,135.10936597867436
393,297.7193428732623
394,300.10003526756304
395,293.96084186946143
396,296.5462062696125
397,297.56204753218327
398,300.1255184228285
399,298.68849461380677
400,18.1355435212822
401,-7.802187323236311
402,297.2738582185413
403,291.7960468631048
404,298.0098237066789
405,298.64839814773177
406,296.5605847715988
407,293.4270046432084
408,300.07239442464277
409,295.91780266587705
410,293.1419753203946
411,295.8081430234952
412,299.2600782967162
413,292.6149835593761
414,293.3827018660224
415,293.5466657953534
416,296.5232142846032
417,292.2751446188592
418,293.3052178354611
419,40.685550744247905
420,294.7991956204304
421,293.29492294029586
422,295.01680720774084
423,293.05728784630173
424,293.507080205808
425,296.0612088009812
426,301.50510463885735
427,294.81869987656273
428,293.87852289190414
429,291.192447300633
430,297.00856879637644
431,297.15576480582996
432,298.61638084188905
433,291.92000125877024
434,292.75505044938166
435,301.8357356918596
436,292.1272555499086
437,-56.75212985453561
438,295.73841912711515
439,300.04044691009386
440,299.3513067845229
441,297.0290283049269
442,298.9588817124219
443,296.85444958396886
444,297.53954920393426
445,296.6066499730309
446,294.99713430758703
447,293.48044560471834
448,294.39031957212916
449,295.91442887843476
450,290.94984903498914
451,301.9727643393621
452,294.3794427677462
453,299.42095620450357
454,295.01322521310846
455,297.4667226320379
456,301.3389905724889
457,302.8312765242499
458,302.32532303560225
459,297.0398882244737
460,302.73738162441305
461,299.1438701031937
462,-8.930897427194182
463,300.3843210735869
464,299.5299039297795
465,97.65461701888623
466,301.6848836388909
467,300.40603888996475
468,302.06217714271594
469,-53.418768672497166
470,301.7659531708384
471,301.92514003007994
472,300.3354749883938
473,121.64957775279805
474,-20.673957335788714
475,299.4194535308799
476,299.55145965863653
477,300.0844015519231
478,299.87558900869374
479,295.491236803137
480,299.318314076796
481,296.9314302985205
482,302.4606445662996
483,298.6618554024402
484,300.06836483630303
485,298.9442291125689
486,296.63601802817703
487,299.9079859162097
488,297.04687251137597
489,300.0714500707903
490,300.11754485955197
491,299.08458166496996
492,301.19608788903065
493,299.31559847515786
494,303.4635876303626
495,198.00798063819622
496,298.59880522623865
497,303.559414519439
498,294.77403692745736
499,295.9947480720043
500,302.58611009211353
501,298.7367638723158
502,300.6217256740104
503,296.5323374981146
504,299.3231609890552
505,302.39404486055435
506,300.9114252773804
507,305.04946194357814
508,300.7546934211538
509,305.02883820575516
510,299.25275880441706
511,302.8509755181816
512,303.3546741751182
513,296.9320407446606
514,297.5663185176634
515,292.79514054689105
516,300.2986462657497
517,303.9967823086883
518,300.8962439227636
519,302.47937536140785
520,299.7576002936902
521,298.94427379389606
522,303.7818754898177
523,301.2484256783941
524,300.1982987255012
525,302.70575645619124
526,302.0356811482929
527,301.81146277240714
528,299.6701825409516
529,302.71823277483975
530,301.26915944942965
531,300.3868140170134
532,302.3273628328571
533,302.56913640281164
534,301.5274216388794
535,300.81900608313526
536,303.61881627570943
537,297.576691611852
538,299.919209979156
539,304.39518305712767
540,297.36132676755574
541,299.6332802984165
542,299.3720569379183
543,302.0212599871618
544,300.266311404388
545,298.1936615704256
546,294.95845751282644
547,301.3730130552948
548,295.16159278791457
549,164.49564707360713
550,301.10952894359053
551,304.06437918146577
552,307.6675324580538
553,299.67919502378436
554,299.7041210628227
555,304.0313845029195
556,304.6506126923832
557,303.98758608741144
558,305.22867959291625
559,299.5667228057245
560,300.23165915566625
561,302.793278616904
562,300.02173926991554
563,301.369667632513
564,302.9360329157279
565,302.4906033523818
566,300.39200414427637
567,302.9310612374925
568,304.54405409988317
569,305.17472512402406
570,295.03036588929376
571,305.33836988091
572,302.35702335120754
573,298.2082400448042
574,304.8335086226518
575,302.9551862419023
576,305.96219868452124
577,303.9002960001748
578,301.07026291331607
579,307.8083191237579
580,304.0458528781021
581,308.3846789831751
582,307.32335957996054
583,304.15219578623504
584,305.6091538838299
585,307.2141047219783
586,305.69974989155304
587,305.06760596209733
588,305.6308139557232
589,306.03148969856693
590,301.06348946638974
591,307.1269079847469
592,303.4279103281864
593,303.60491912603806
594,302.1500932814374
595,305.7913407195178
