0,-500.0
1,-500.0
2,-500.0
3,-500.0
4,-290.0
5,-322.0
6,-279.0
7,-500.0
8,-500.0
9,-427.0
10,-500.0
11,-389.0
12,-275.0
13,-219.0
14,-247.0
15,-233.0
16,-333.0
17,-234.0
18,-238.0
19,-263.0
20,-170.0
21,-148.0
22,-177.0
23,-259.0
24,-179.0
25,-370.0
26,-245.0
27,-191.0
28,-183.0
29,-192.0
30,-194.0
31,-204.0
32,-202.0
33,-185.0
34,-242.0
35,-176.0
36,-122.0
37,-222.0
38,-186.0
39,-213.0
40,-280.0
41,-187.0
42,-170.0
43,-193.0
44,-165.0
45,-154.0
46,-138.0
47,-117.0
48,-188.0
49,-183.0
50,-238.0
51,-186.0
52,-237.0
53,-155.0
54,-181.0
55,-149.0
56,-176.0
57,-172.0
58,-149.0
59,-175.0
60,-105.0
61,-186.0
62,-167.0
63,-192.0
64,-205.0
65,-118.0
66,-145.0
67,-164.0
68,-310.0
69,-133.0
70,-125.0
71,-165.0
72,-169.0
73,-121.0
74,-162.0
75,-137.0
76,-105.0
77,-135.0
78,-117.0
79,-185.0
80,-137.0
81,-150.0
82,-176.0
83,-230.0
84,-139.0
85,-153.0
86,-127.0
87,-151.0
88,-120.0
89,-146.0
90,-158.0
91,-197.0
92,-139.0
93,-179.0
94,-170.0
95,-93.0
96,-156.0
97,-142.0
98,-187.0
99,-129.0
100,-156.0
101,-141.0
102,-193.0
103,-176.0
104,-143.0
105,-99.0
106,-136.0
107,-157.0
108,-180.0
109,-102.0
110,-127.0
111,-126.0
112,-126.0
113,-110.0
114,-137.0
115,-103.0
116,-112.0
117,-129.0
118,-149.0
119,-199.0
120,-161.0
121,-145.0
122,-132.0
123,-150.0
124,-129.0
125,-102.0
126,-140.0
127,-128.0
128,-115.0
129,-159.0
130,-118.0
131,-126.0
132,-141.0
133,-114.0
134,-126.0
135,-118.0
136,-105.0
137,-115.0
138,-211.0
139,-144.0
140,-136.0
141,-161.0
142,-92.0
143,-132.0
144,-108.0
145,-137.0
146,-167.0
147,-119.0
148,-103.0
149,-95.0
150,-94.0
151,-103.0
152,-141.0
153,-106.0
154,-138.0
155,-116.0
156,-180.0
157,-114.0
158,-178.0
159,-118.0
160,-118.0
161,-98.0
162,-93.0
163,-134.0
164,-130.0
165,-101.0
166,-172.0
167,-111.0
168,-108.0
169,-111.0
170,-117.0
171,-98.0
172,-143.0
173,-128.0
174,-97.0
175,-92.0
176,-120.0
177,-142.0
178,-172.0
179,-112.0
180,-119.0
181,-100.0
182,-104.0
183,-141.0
184,-116.0
185,-112.0
186,-141.0
187,-164.0
188,-105.0
189,-125.0
190,-99.0
191,-103.0
192,-126.0
193,-144.0
194,-105.0
195,-157.0
196,-120.0
197,-150.0
198,-112.0
199,-111.0
200,-118.0
201,-130.0
202,-173.0
203,-118.0
204,-152.0
205,-126.0
206,-113.0
207,-96.0
208,-144.0
209,-116.0
210,-84.0
211,-90.0
212,-112.0
213,-118.0
214,-146.0
215,-121.0
216,-98.0
217,-152.0
218,-92.0
219,-124.0
220,-128.0
221,-129.0
222,-106.0
223,-140.0
224,-108.0
225,-117.0
226,-118.0
227,-102.0
228,-134.0
229,-114.0
230,-99.0
231,-98.0
232,-127.0
233,-139.0
234,-103.0
235,-104.0
236,-124.0
237,-177.0
238,-248.0
239,-102.0
240,-124.0
241,-115.0
242,-97.0
243,-116.0
244,-81.0
245,-94.0
246,-134.0
247,-88.0
248,-97.0
249,-123.0
250,-111.0
251,-154.0
252,-107.0
253,-217.0
254,-120.0
255,-98.0
256,-140.0
257,-137.0
258,-120.0
259,-121.0
260,-135.0
261,-99.0
262,-96.0
263,-130.0
264,-112.0
265,-116.0
266,-156.0
267,-155.0
268,-98.0
269,-108.0
270,-103.0
271,-92.0
272,-119.0
273,-118.0
274,-104.0
275,-137.0
276,-114.0
277,-109.0
278,-120.0
279,-146.0
280,-137.0
281,-100.0
282,-121.0
283,-129.0
284,-125.0
285,-132.0
286,-121.0
287,-87.0
288,-97.0
289,-87.0
290,-119.0
291,-102.0
292,-113.0
293,-107.0
294,-123.0
295,-114.0
296,-100.0
297,-196.0
298,-101.0
299,-115.0
300,-86.0
301,-124.0
302,-86.0
303,-101.0
304,-84.0
305,-103.0
306,-100.0
307,-83.0
308,-96.0
309,-99.0
310,-125.0
311,-196.0
312,-135.0
313,-124.0
314,-500.0
315,-121.0
316,-129.0
317,-128.0
318,-103.0
319,-105.0
320,-108.0
321,-118.0
322,-96.0
323,-104.0
324,-85.0
325,-98.0
326,-105.0
327,-214.0
328,-97.0
329,-95.0
330,-112.0
331,-107.0
332,-116.0
333,-87.0
334,-92.0
335,-104.0
336,-102.0
337,-108.0
338,-100.0
339,-111.0
340,-93.0
341,-121.0
342,-94.0
343,-162.0
344,-121.0
345,-101.0
346,-110.0
347,-80.0
348,-100.0
349,-102.0
350,-111.0
351,-152.0
352,-112.0
353,-89.0
354,-127.0
355,-125.0
356,-136.0
357,-106.0
358,-108.0
359,-153.0
360,-173.0
361,-109.0
362,-89.0
363,-114.0
364,-102.0
365,-126.0
366,-162.0
367,-89.0
368,-120.0
369,-90.0
370,-144.0
371,-131.0
372,-106.0
373,-123.0
374,-150.0
375,-105.0
376,-113.0
377,-110.0
378,-122.0
379,-97.0
380,-125.0
381,-117.0
382,-131.0
383,-130.0
384,-118.0
385,-90.0
386,-130.0
387,-126.0
388,-116.0
389,-116.0
390,-88.0
391,-121.0
392,-110.0
393,-91.0
394,-81.0
395,-110.0
396,-117.0
397,-89.0
398,-172.0
399,-129.0
400,-111.0
401,-121.0
402,-89.0
403,-92.0
404,-101.0
405,-94.0
406,-119.0
407,-96.0
408,-99.0
409,-111.0
410,-90.0
411,-111.0
412,-102.0
413,-120.0
414,-124.0
415,-90.0
416,-114.0
417,-115.0
418,-89.0
419,-102.0
420,-124.0
421,-103.0
422,-120.0
423,-150.0
424,-128.0
425,-112.0
426,-90.0
427,-123.0
428,-106.0
429,-103.0
430,-94.0
431,-122.0
432,-117.0
433,-103.0
434,-114.0
435,-86.0
436,-80.0
437,-85.0
438,-123.0
439,-111.0
440,-120.0
441,-139.0
442,-103.0
443,-91.0
444,-100.0
445,-98.0
446,-148.0
447,-102.0
448,-121.0
449,-90.0
450,-115.0
451,-128.0
452,-99.0
453,-119.0
454,-114.0
455,-108.0
456,-126.0
457,-121.0
458,-101.0
459,-105.0
460,-108.0
461,-137.0
462,-108.0
463,-107.0
464,-97.0
465,-94.0
466,-121.0
467,-94.0
468,-91.0
469,-122.0
470,-89.0
471,-115.0
472,-74.0
473,-69.0
474,-148.0
475,-107.0
476,-105.0
477,-107.0
478,-71.0
479,-82.0
480,-81.0
481,-110.0
482,-108.0
483,-93.0
484,-107.0
485,-98.0
486,-97.0
487,-122.0
488,-108.0
489,-129.0
490,-151.0
491,-94.0
492,-115.0
493,-89.0
494,-101.0
495,-82.0
496,-109.0
497,-151.0
498,-93.0
499,-106.0
500,-92.0
501,-94.0
502,-102.0
503,-123.0
504,-111.0
505,-104.0
506,-93.0
507,-71.0
508,-121.0
509,-110.0
510,-101.0
511,-68.0
512,-113.0
513,-94.0
514,-113.0
515,-107.0
516,-86.0
517,-89.0
518,-83.0
519,-86.0
520,-88.0
521,-162.0
522,-104.0
523,-103.0
524,-111.0
525,-102.0
526,-98.0
527,-101.0
528,-105.0
529,-82.0
530,-112.0
531,-100.0
532,-225.0
533,-127.0
534,-118.0
535,-120.0
536,-95.0
537,-135.0
538,-93.0
539,-83.0
540,-115.0
541,-141.0
542,-89.0
543,-117.0
544,-120.0
545,-101.0
546,-108.0
547,-101.0
548,-86.0
549,-101.0
550,-111.0
551,-110.0
552,-99.0
553,-102.0
554,-93.0
555,-110.0
556,-96.0
557,-113.0
558,-92.0
559,-79.0
560,-120.0
561,-82.0
562,-89.0
563,-102.0
564,-140.0
565,-97.0
566,-127.0
567,-99.0
568,-94.0
569,-123.0
570,-80.0
571,-84.0
572,-98.0
573,-105.0
574,-84.0
575,-84.0
576,-118.0
577,-71.0
578,-120.0
579,-85.0
580,-137.0
581,-88.0
582,-91.0
583,-116.0
584,-97.0
585,-108.0
586,-97.0
587,-139.0
588,-119.0
589,-87.0
590,-95.0
591,-68.0
592,-100.0
593,-109.0
594,-283.0
595,-111.0
596,-81.0
597,-107.0
598,-137.0
599,-116.0
600,-96.0
601,-123.0
602,-115.0
603,-177.0
604,-121.0
605,-99.0
606,-104.0
607,-84.0
608,-118.0
609,-81.0
610,-106.0
611,-99.0
612,-70.0
613,-75.0
614,-92.0
615,-109.0
616,-110.0
617,-100.0
