0,-500.0
1,-500.0
2,-500.0
3,-500.0
4,-500.0
5,-500.0
6,-500.0
7,-500.0
8,-500.0
9,-500.0
10,-500.0
11,-500.0
12,-500.0
13,-500.0
14,-500.0
15,-212.0
16,-500.0
17,-500.0
18,-500.0
19,-500.0
20,-336.0
21,-500.0
22,-500.0
23,-500.0
24,-398.0
25,-465.0
26,-500.0
27,-500.0
28,-366.0
29,-338.0
30,-359.0
31,-401.0
32,-500.0
33,-473.0
34,-286.0
35,-321.0
36,-384.0
37,-500.0
38,-217.0
39,-198.0
40,-210.0
41,-140.0
42,-166.0
43,-169.0
44,-247.0
45,-153.0
46,-166.0
47,-195.0
48,-153.0
49,-180.0
50,-201.0
51,-185.0
52,-173.0
53,-167.0
54,-113.0
55,-144.0
56,-147.0
57,-131.0
58,-113.0
59,-200.0
60,-154.0
61,-142.0
62,-208.0
63,-147.0
64,-177.0
65,-173.0
66,-152.0
67,-160.0
68,-150.0
69,-116.0
70,-168.0
71,-163.0
72,-142.0
73,-298.0
74,-190.0
75,-172.0
76,-219.0
77,-178.0
78,-189.0
79,-267.0
80,-166.0
81,-132.0
82,-142.0
83,-117.0
84,-177.0
85,-140.0
86,-200.0
87,-147.0
88,-150.0
89,-121.0
90,-108.0
91,-140.0
92,-146.0
93,-178.0
94,-134.0
95,-109.0
96,-153.0
97,-166.0
98,-298.0
99,-117.0
100,-158.0
101,-117.0
102,-143.0
103,-125.0
104,-116.0
105,-163.0
106,-131.0
107,-120.0
108,-121.0
109,-165.0
110,-170.0
111,-135.0
112,-111.0
113,-109.0
114,-140.0
115,-132.0
116,-120.0
117,-139.0
118,-123.0
119,-136.0
120,-124.0
121,-107.0
122,-93.0
123,-123.0
124,-115.0
125,-94.0
126,-143.0
127,-130.0
128,-102.0
129,-134.0
130,-141.0
131,-91.0
132,-144.0
133,-131.0
134,-173.0
135,-108.0
136,-106.0
137,-110.0
138,-103.0
139,-137.0
140,-121.0
141,-130.0
142,-139.0
143,-118.0
144,-110.0
145,-135.0
146,-160.0
147,-119.0
148,-111.0
149,-158.0
150,-150.0
151,-95.0
152,-122.0
153,-129.0
154,-99.0
155,-104.0
156,-120.0
157,-107.0
158,-104.0
159,-123.0
160,-157.0
161,-156.0
162,-139.0
163,-128.0
164,-142.0
165,-113.0
166,-98.0
167,-110.0
168,-97.0
169,-126.0
170,-136.0
171,-103.0
172,-89.0
173,-118.0
174,-164.0
175,-139.0
176,-154.0
177,-131.0
178,-96.0
179,-236.0
180,-110.0
181,-104.0
182,-97.0
183,-92.0
184,-125.0
185,-114.0
186,-146.0
187,-105.0
188,-113.0
189,-148.0
190,-108.0
191,-114.0
192,-99.0
193,-105.0
194,-142.0
195,-119.0
196,-99.0
197,-102.0
198,-97.0
199,-93.0
200,-143.0
201,-150.0
202,-114.0
203,-138.0
204,-115.0
205,-95.0
206,-107.0
207,-111.0
208,-103.0
209,-114.0
210,-106.0
211,-170.0
212,-99.0
213,-88.0
214,-153.0
215,-96.0
216,-178.0
217,-111.0
218,-109.0
219,-103.0
220,-79.0
221,-118.0
222,-120.0
223,-159.0
224,-95.0
225,-133.0
226,-104.0
227,-134.0
228,-98.0
229,-126.0
230,-125.0
231,-121.0
232,-137.0
233,-93.0
234,-89.0
235,-110.0
236,-70.0
237,-114.0
238,-107.0
239,-129.0
240,-117.0
241,-114.0
242,-140.0
243,-86.0
244,-141.0
245,-157.0
246,-145.0
247,-108.0
248,-104.0
249,-93.0
250,-133.0
251,-121.0
252,-101.0
253,-96.0
254,-83.0
255,-119.0
256,-105.0
257,-124.0
258,-105.0
259,-90.0
260,-104.0
261,-127.0
262,-100.0
263,-96.0
264,-129.0
265,-144.0
266,-97.0
267,-83.0
268,-96.0
269,-118.0
270,-102.0
271,-93.0
272,-139.0
273,-105.0
274,-103.0
275,-87.0
276,-103.0
277,-103.0
278,-115.0
279,-81.0
280,-89.0
281,-98.0
282,-110.0
283,-189.0
284,-111.0
285,-133.0
286,-91.0
287,-138.0
288,-129.0
289,-122.0
290,-100.0
291,-81.0
292,-134.0
293,-88.0
294,-124.0
295,-95.0
296,-109.0
297,-87.0
298,-121.0
299,-86.0
300,-123.0
301,-103.0
302,-104.0
303,-263.0
304,-101.0
305,-133.0
306,-97.0
307,-156.0
308,-138.0
309,-139.0
310,-124.0
311,-95.0
312,-92.0
313,-92.0
314,-151.0
315,-81.0
316,-127.0
317,-104.0
318,-84.0
319,-128.0
320,-119.0
321,-96.0
322,-102.0
323,-115.0
324,-106.0
325,-140.0
326,-81.0
327,-133.0
328,-117.0
329,-116.0
330,-112.0
331,-69.0
332,-96.0
333,-117.0
334,-170.0
335,-97.0
336,-112.0
337,-125.0
338,-111.0
339,-155.0
340,-74.0
341,-92.0
342,-79.0
343,-155.0
344,-122.0
345,-93.0
346,-123.0
347,-98.0
348,-107.0
349,-117.0
350,-140.0
351,-139.0
352,-296.0
353,-93.0
354,-112.0
355,-127.0
356,-104.0
357,-77.0
358,-116.0
359,-107.0
360,-105.0
361,-93.0
362,-133.0
363,-89.0
364,-110.0
365,-119.0
366,-129.0
367,-128.0
368,-115.0
369,-120.0
370,-125.0
371,-110.0
372,-164.0
373,-93.0
374,-129.0
375,-88.0
376,-90.0
377,-106.0
378,-103.0
379,-84.0
380,-94.0
381,-92.0
382,-93.0
383,-129.0
384,-94.0
385,-86.0
386,-87.0
387,-108.0
388,-93.0
389,-137.0
390,-90.0
391,-133.0
392,-110.0
393,-86.0
394,-122.0
395,-99.0
396,-132.0
397,-111.0
398,-104.0
399,-101.0
400,-112.0
401,-97.0
402,-117.0
403,-98.0
404,-112.0
405,-111.0
406,-106.0
407,-114.0
408,-128.0
409,-116.0
410,-104.0
411,-142.0
412,-91.0
413,-118.0
414,-160.0
415,-128.0
416,-85.0
417,-78.0
418,-98.0
419,-131.0
420,-100.0
421,-131.0
422,-88.0
423,-117.0
424,-104.0
425,-82.0
426,-109.0
427,-125.0
428,-96.0
429,-69.0
430,-117.0
431,-102.0
432,-86.0
433,-99.0
434,-116.0
435,-93.0
436,-95.0
437,-100.0
438,-117.0
439,-110.0
440,-117.0
441,-96.0
442,-120.0
443,-78.0
444,-91.0
445,-125.0
446,-166.0
447,-170.0
448,-87.0
449,-128.0
450,-123.0
451,-92.0
452,-75.0
453,-88.0
454,-96.0
455,-142.0
456,-115.0
457,-112.0
458,-83.0
459,-93.0
460,-101.0
461,-87.0
462,-77.0
463,-81.0
464,-124.0
465,-106.0
466,-120.0
467,-105.0
468,-127.0
469,-96.0
470,-102.0
471,-98.0
472,-86.0
473,-81.0
474,-107.0
475,-102.0
476,-96.0
477,-90.0
478,-99.0
479,-120.0
480,-70.0
481,-85.0
482,-114.0
483,-126.0
484,-123.0
485,-94.0
486,-104.0
487,-88.0
488,-164.0
489,-100.0
490,-134.0
491,-94.0
492,-112.0
493,-82.0
494,-91.0
495,-101.0
496,-125.0
497,-88.0
498,-125.0
499,-86.0
500,-107.0
501,-102.0
502,-77.0
503,-96.0
504,-159.0
505,-100.0
506,-94.0
507,-121.0
508,-96.0
509,-100.0
510,-91.0
511,-111.0
512,-90.0
513,-108.0
514,-142.0
515,-76.0
516,-94.0
517,-91.0
518,-91.0
519,-120.0
520,-94.0
521,-144.0
522,-96.0
523,-101.0
524,-95.0
525,-87.0
526,-136.0
527,-96.0
528,-115.0
529,-111.0
530,-118.0
531,-96.0
532,-112.0
533,-124.0
534,-126.0
535,-118.0
536,-97.0
537,-97.0
538,-108.0
539,-112.0
540,-96.0
541,-136.0
542,-88.0
543,-103.0
544,-93.0
545,-156.0
546,-99.0
547,-145.0
548,-97.0
549,-74.0
550,-113.0
551,-104.0
552,-121.0
553,-95.0
554,-80.0
555,-88.0
556,-73.0
557,-84.0
558,-91.0
559,-80.0
560,-90.0
561,-89.0
562,-105.0
563,-156.0
564,-74.0
565,-87.0
566,-80.0
567,-105.0
568,-85.0
569,-96.0
570,-77.0
571,-133.0
572,-86.0
573,-84.0
574,-115.0
575,-96.0
576,-90.0
577,-162.0
578,-89.0
579,-74.0
580,-84.0
581,-162.0
582,-105.0
583,-89.0
584,-123.0
585,-85.0
586,-91.0
587,-93.0
588,-107.0
589,-131.0
590,-87.0
591,-119.0
592,-121.0
593,-136.0
594,-73.0
595,-121.0
596,-97.0
597,-96.0
598,-98.0
599,-97.0
600,-93.0
601,-98.0
602,-83.0
603,-75.0
604,-120.0
605,-108.0
606,-106.0
607,-105.0
608,-161.0
609,-92.0
610,-111.0
611,-80.0
612,-113.0
613,-105.0
614,-91.0
615,-102.0
616,-110.0
617,-125.0
618,-93.0
619,-87.0
620,-110.0
621,-106.0
622,-95.0
623,-116.0
624,-124.0
625,-120.0
626,-87.0
627,-97.0
628,-86.0
629,-102.0
630,-87.0
631,-105.0
632,-83.0
633,-122.0
634,-70.0
635,-105.0
636,-79.0
637,-82.0
638,-88.0
639,-74.0
640,-98.0
641,-132.0
642,-68.0
643,-107.0
644,-92.0
645,-88.0
646,-128.0
647,-75.0
