1,-112.75566032086108
2,-123.00949059981588
3,-103.0554047684813
4,-103.20521597148596
5,-103.32536864316005
6,-102.89902934161039
7,-102.20634571516032
8,-104.6361176709299
9,-183.38425836690544
10,-100.6838837794174
11,-98.94351340744481
12,-97.77778862283215
13,-101.80175105564838
14,-99.35719180004048
15,-182.7295827920649
16,-105.17807689866558
17,-106.9183707632683
18,-101.0455085551013
19,-116.53987546402216
20,-159.7050164618358
21,-200.09443426740785
22,-135.62218216515697
23,-123.37572439250289
24,-124.21267053698188
25,-126.32972333756952
26,-111.23013748977425
27,-112.79687859646236
28,-122.31238179008498
29,-129.1822547766589
30,-118.68954974493813
31,-109.9174369198241
32,-110.46831779040465
33,-129.92147449886326
34,-122.68354497119937
35,-161.10578376501854
36,-122.4276210828192
37,-156.0262689407547
38,-99.81899332680148
39,-124.80557584594185
40,-114.88906444504892
41,-116.16057157887951
42,-159.0531515970698
43,-140.69551675467432
44,-139.0161675935841
45,-121.94549857099268
46,-142.94020606018998
47,-115.39307919706775
48,-116.91848572037779
49,-114.39605275847018
50,-98.12072283355643
51,-128.05185403429005
52,-131.10937932556163
53,-118.00217119224364
54,-118.41926643230096
55,-100.50201179652824
56,-119.54046656426758
57,-97.25279267225557
58,-96.58746403646681
59,-103.91241535660882
60,-102.66055197901042
61,-95.1132539079839
62,-103.01564426873766
63,-101.76431571999434
64,-100.84299481373935
65,-109.38977584234301
66,-122.79131130978749
67,-123.86954996148944
68,-106.48687692170613
69,-121.90304529155752
70,-107.06672299507224
71,-98.50284446438923
72,-99.30515903184353
73,-111.30411813703095
74,-123.38227506377913
75,-117.55446286714968
76,-117.93877156548933
77,-122.8064853917978
78,-111.06641887723923
79,-127.02155532692278
80,-119.57676452726452
81,-108.40353484553827
82,-85.45240673705409
83,-125.37965782341463
84,-168.24172854606638
85,-126.68879259018847
86,-120.42268836780246
87,-125.36348005409099
88,-124.13181763863102
89,-106.48544873733755
90,-112.946074318729
91,-119.48674144854662
92,-106.3317515774307
93,-113.41760833541517
94,-110.13610903132016
95,-101.23763876785246
96,-181.4755640579875
97,-112.4517669086239
98,-121.20127864044346
99,-108.55177450508236
100,-98.3820380834995
101,-96.0645887683959
102,-103.24662756035084
103,-116.9627755156936
104,-97.26661053851215
105,-130.56518691981614
106,-109.3668692391248
107,-100.70814082716834
108,-96.53356720392556
109,-141.11522725281094
110,-105.04062795404099
111,-104.59919662336584
112,-100.05103229511005
113,-92.75297169284745
114,-115.06641634129811
115,-106.23833836618044
116,-85.21628751548964
117,-96.82517593520811
118,-85.44972319248427
119,-109.95846587369712
120,-117.29014123758864
121,-81.26331609857277
122,-105.93866747263425
123,-93.9136464551303
124,-92.47787756705789
125,-103.63512302418657
126,-83.33181702227238
127,-131.1108998639737
128,-90.95391821422682
129,-84.19811858829746
130,-110.48354549256726
131,-136.0789898518201
132,-89.63497851948081
133,-95.97742640251973
134,-103.76870769383125
135,-115.41834669142979
136,-88.23903736935965
137,-100.08594725784685
138,-96.27279157326873
139,-99.69205806840559
140,-112.11356541882621
141,-102.3406916733738
142,-98.17930679988825
143,-91.04446782719593
144,-120.37571472777448
145,-158.2632919340075
146,-79.07059424893717
147,-165.77005162476246
148,-86.72887816065683
149,-107.53511863709535
150,-92.10740932240522
151,-132.81394343024905
152,-118.33815869613952
153,-81.00418286832387
154,-105.40610446796924
155,-106.56449387013681
156,-122.70071304027329
157,-86.6310226593286
158,-85.18920859083322
159,-117.18103734353298
160,-82.88425678025106
161,-85.46380858063532
162,-96.50368365034383
163,-84.74938535839529
164,-99.9986735182433
165,-91.40026150835718
166,-102.75468547945324
167,-101.04921902928379
168,-84.97331245985676
169,-92.73624420476708
170,-85.47609291450057
171,-105.57904431692954
172,-88.97702515411484
173,-100.44912626878617
174,-66.45199496762666
175,-105.28016372279522
176,-101.79490195641003
177,-90.21408246751784
178,-97.88254307565798
179,-83.91312348388605
180,-145.1273875124196
181,-110.48373025947708
182,-129.12684546313065
183,-78.11391189288868
184,-67.8572618197258
185,-80.7415606618097
186,-118.27929923087802
187,-66.59950408797698
188,-88.39917952241908
189,-76.88614593954644
190,-79.14425115603764
191,-85.35778964957544
192,-83.71692399790766
193,-87.24915058024774
194,-86.90501062119138
195,-75.64524488835572
196,-82.02769745364814
197,-73.20425797040734
198,-96.1289909165995
199,-100.54032452600141
200,-69.65218059085235
201,-65.65754638929931
202,-102.74650300254041
203,-66.66502380151405
204,-67.22303653695683
205,-65.29796673893414
206,-80.88455253834694
207,-73.78550519120714
208,-68.32462680901381
209,-67.81236787431668
210,-75.07060803497944
211,-78.5754520747446
212,-103.07518746882765
213,-88.82707371429194
214,-68.98774274766438
215,-75.86320602571959
216,-76.2795764509181
217,-61.01877828202552
218,-66.46842015594626
219,-72.73429675370394
220,-112.59424732459884
221,-78.33112610922014
222,-60.31776612201143
223,-79.3487592866551
224,-106.39229974799618
225,-65.70384375247903
226,-67.02051042967116
227,-58.21308339802148
228,-66.6397150213895
229,-78.5872579287176
230,-58.62299315956637
231,-91.12128780619364
232,-63.65720469370031
233,-77.65585386414689
234,-56.21070460348109
235,-72.76602219240458
236,-62.46301292244058
237,-142.01363324629324
238,-68.67711092607584
239,-137.49372733268706
240,-77.06247929070587
241,-109.4644350663531
242,-59.6283920671752
243,-75.96617952164411
244,-110.42071534184012
245,-67.0452992245185
246,-64.87818439459797
247,-63.1007379021253
248,-64.22740220308292
249,-62.44692092996236
250,-70.30820193746926
251,-61.73499269505397
252,-67.97262679823834
253,-61.95732358683675
254,-65.58392131541501
255,-84.58131827409615
256,-61.88793979674051
257,-101.4751510979013
258,-85.34180436858703
259,-76.98864788863433
260,-78.92251119987749
261,-62.07112511820887
262,-84.88844958718475
263,-124.37152806953938
264,-99.43373245068858
265,-97.90195520802602
266,-99.50027161176219
267,-163.5147847665239
268,-60.89160498817275
269,-108.37437609085976
270,-66.13872981960994
271,-59.58081228601809
272,-65.11606001512983
273,-87.9075720787658
274,-82.96147803900821
275,-99.20086069172565
276,-118.65590557441494
277,-85.84968321971714
278,-68.75358473309325
279,-39.287107218357114
280,-77.77025417182618
281,-76.84850356643351
282,-70.12900132788187
283,-90.22037717473806
284,-67.09864167066958
285,-95.41263415178001
286,-79.14468621109768
287,-54.30305932257189
288,-67.3300383060897
289,-66.7716697067287
290,-62.161103576958624
291,-61.394259893921394
292,-65.10297227983372
293,-85.86286506649112
294,-70.4679763826464
295,-62.800438638652366
296,-71.06735340469007
297,-110.20524321110099
298,-67.54229057812368
299,-66.30912966964665
300,-36.4496859127206
301,-77.0460426602326
302,-114.08407089437685
303,-77.64277767484771
304,-74.06442339896961
305,-83.17688087125754
306,-135.7729667835461
307,-80.74199321299588
308,-105.71497010594234
309,-124.81335791969249
310,-109.62523279359263
311,-86.80282207681246
312,-67.92358809640461
313,-57.991743442289604
314,-113.97228993829025
315,-29.813525329797383
316,-59.27938365523184
317,-109.92733971581471
318,-63.51331886846795
319,-131.30694372810308
320,-81.96504558863866
321,-115.73180910488819
322,-78.67533040667767
323,-80.76408453677125
324,-65.90103828747714
325,-118.20904089933967
326,-103.37522192985168
327,-62.19299495113337
328,-65.36885358222054
329,-63.662876204906844
330,-84.50892255099345
331,-88.82763957056513
332,-122.35687479411277
333,-83.36289693703851
334,-76.47246176124644
335,-49.06826861614295
336,-63.25417163191911
337,-70.0803513298524
338,-56.51428745420599
339,-62.45051337827284
340,-79.11735980286164
341,-62.62370981369809
342,-58.44099818134244
343,-54.34108723294058
344,-57.13661871226404
345,-94.79430333146588
346,-54.97146779525777
347,-32.9294482879315
348,-117.50913698089282
349,-32.444691626086595
350,-81.76375481517972
351,-73.47121273339326
352,-21.78099770134065
353,-97.38516552387821
354,-130.72120714353593
355,-72.14078461836824
356,-52.966070513806734
357,-67.40460095610072
358,-49.04632977837931
359,-48.34855750586748
360,-146.38529950090668
361,-68.67256799579387
362,-73.99265553406093
363,-68.62681749239026
364,-73.14688940545778
365,-69.57508308448388
366,-72.90628127299385
367,-30.8334661534336
368,-102.91677656164414
369,-83.48530643628388
370,-68.7137734295813
371,-117.22021710465368
372,-106.4505314731614
373,-77.2446532380472
374,-73.92595501032733
375,-120.24864956668131
376,-84.1276448831023
377,-64.01173391022131
378,-79.99832510328008
379,-74.41630712464989
380,-66.90992368066114
381,-60.198086494729964
382,-74.34568877876752
383,-134.19966058189746
384,-157.2848692439693
385,-121.41823032085578
386,-57.67324731964128
387,-31.317281979710007
388,-60.31324646009247
389,-72.91389924795304
390,-57.265683758105475
391,-70.3757295394453
392,-58.74422246446884
393,-64.18287750133437
394,-79.88716967653035
395,-104.20795470123038
396,-74.94001730737868
397,-113.45394529275997
398,-55.485388221064404
399,-36.27187462278261
400,-33.67184446918836
401,-80.66744850513297
402,-76.14560582412092
403,-93.45185273962659
404,-64.46448938532718
405,-26.01891369451179
406,-105.49360580621577
407,-90.74472771129386
408,-91.85325247707827
409,-87.84585037186174
410,-73.30361883444382
411,-79.04234961441271
412,-100.47835103764787
413,-82.15012892973591
414,-45.77633503431433
415,-92.02458536756956
416,-124.1294480337985
417,-91.56665061401952
418,-88.653001783455
419,-21.270435472889734
420,-88.98936556312704
421,-86.47545559035815
422,-51.561753844361384
423,-81.12401647339091
424,-64.55934067181262
425,-55.85952386116201
426,-87.75173029985329
427,-134.57060549527628
428,-53.21387917540752
429,-49.361811184504084
430,-105.85358505462588
431,-77.8200805505762
432,-54.11345533878478
433,-77.63485626307691
434,-56.1016312479259
435,-123.9529988158368
436,-53.98343517084444
437,-122.71430826548018
438,-64.69462877103325
439,-91.33831284078562
440,-66.65765376244316
441,-62.76606581470494
442,-44.4680344130919
443,-53.47039233597451
444,-54.640508516835105
445,-53.57850118875082
446,-59.122658304979275
447,-51.56811587137737
448,-57.414665756233454
449,-57.81365936792018
450,-57.632913440263486
451,-61.09472000147547
452,-62.607158944817726
453,-61.504294895902774
454,-70.08771413436766
455,-69.76079490938724
456,-13.157885698650245
457,-56.17995111324257
458,-19.939557359713135
459,-68.81926921202829
460,-144.10290769626465
461,-42.8517354558347
462,-58.08306268860101
463,-65.33105123175523
464,-56.84059184464781
465,-106.55402363375651
466,-52.65598187526149
467,-152.2036419441773
468,-75.23031971166543
469,-126.75659806255261
470,-77.40222368629018
471,-16.20350485739963
472,-122.58192102680897
473,-57.17053844844414
474,-57.741659957737944
475,-6.173666701943254
476,-88.16701038486013
477,-57.4251410720478
478,-23.837748015111966
479,-56.89850576786229
480,-103.51243280897154
481,-53.837591093170495
482,-82.27948628274045
483,-125.50383035419263
484,-114.32929035986318
485,-83.73448440521733
486,-73.01171339531061
487,-68.49722373735061
488,-74.66177414397632
489,-160.3780141074695
490,-62.92515739326632
491,-51.21937943718048
492,-103.95479156807565
493,-62.059817807187784
494,-73.1299581911264
495,-80.0987317402911
496,-120.62164430789771
497,-108.09935112402948
498,-93.55549875332497
499,-116.54643523651043
500,-16.26608985167784
501,-82.09530999392992
502,-100.4600452450074
503,-84.35521765525286
504,-102.5979685262016
505,-78.43503932995478
506,-77.72971473699762
507,-160.77532215120547
508,-136.55443112169326
509,-119.96104663509998
510,-74.44755460941705
511,-2.1302801230688044
512,-122.00378527473708
513,-29.837805548425013
514,-81.9392888857684
515,-23.770077553435172
516,-74.09422292226715
517,-100.748546133057
518,-107.21670737582848
519,-64.958181719608
520,-72.42094736050866
521,-102.91860031017109
522,-113.48562065799771
523,-116.13569660249425
524,-182.46444895958456
525,-83.24053774895923
526,-87.05022410401227
527,-107.63477669995628
528,-75.64220414117544
529,-97.139080064927
530,-61.79245653748055
531,-72.30687991015445
532,-87.75616526799398
533,-101.59145644006237
534,-96.61788645956193
535,-88.47680871966847
536,-82.40971029705058
537,-139.1195057401841
538,-152.00547572481432
539,-79.97067121221863
540,-81.71426396629194
541,-55.104312545406486
542,-77.17954880777084
543,-69.3997025960191
544,-61.586630406530176
545,-51.093332314553635
546,-73.58014961027085
547,-78.71199109584924
548,-140.3524145078998
549,-72.60670893538915
550,-136.29494284432218
551,-63.50213392793208
552,-97.80127186583081
553,-94.26856765677152
554,-64.7114989096657
555,-108.9314611445207
556,-95.90870639329938
557,-82.40307230696644
558,-86.4061566857604
559,-130.07160011104173
560,-94.11648168686321
561,-111.86346246847883
562,-114.08322895131786
563,-109.24783982617136
564,-161.39172550904848
565,-82.02759777788901
566,-77.44891200425275
567,-52.888349556488556
568,-91.2953205133807
569,-60.70589735769168
570,26.534770919445272
571,-97.4793790857703
572,-85.55834219614451
573,-81.53909100055988
574,-101.97993900924278
575,-47.867773440577864
576,-25.96701822956591
577,-23.553229142317644
578,-79.19200490588075
579,-88.58061983808723
580,-98.72268629296049
581,-104.7418475829758
582,-79.59090944242925
583,-65.97885901999105
584,-92.48847117185953
585,-31.821315701261128
586,-100.53853912852485
587,-89.93338861944528
588,-69.29335546343506
589,-66.33438032056677
590,-83.15999798339658
591,-58.26865049887736
592,-82.18296502822946
593,-20.63979466767149
594,-85.24621007554609
595,-110.63170094309962
596,-75.33064083194458
597,-114.37934941495882
598,-87.36750686305083
599,-135.50198315465963
600,-78.94824016419807
601,-14.645519514078254
602,-156.23552112116036
603,-106.52258354772336
604,-107.21556600741816
605,-88.86766167856312
606,-106.52863895631752
607,-73.52949110381756
608,-111.83109892689369
609,-62.71501650975873
610,-107.60551055265722
611,-60.76040459789253
612,-110.02091301179728
613,-93.52706486821026
614,-97.84106514324598
615,-58.51501518151389
616,-74.26226589038846
617,-55.302505149948566
618,-53.879534099577555
619,-104.5302954465281
620,-73.12387493739038
621,-52.927146033011006
622,-28.995181544151034
623,-85.04940940321815
624,-86.82164728195433
625,-43.06680421217792
626,-87.93107429231542
627,-67.11614534611259
628,-79.27664997387825
629,-58.57516561381233
630,-83.1502290631185
631,-110.19364760972556
632,-84.56902613217403
633,-63.009479962378144
634,-65.03449636567893
635,-86.16368688456764
636,-67.05397596432117
637,-14.298178179003939
638,-74.54719955467756
639,-102.73764799626016
640,-91.45397509412005
641,-94.59672962312865
642,-89.4274520284815
643,-58.68388328134999
644,-78.41409416658225
645,-61.547005543513635
646,-111.45028700100555
647,-122.43925730787677
648,-72.12997074759873
649,-75.6942315008158
650,-85.3408496441009
651,-73.96483927186206
652,-59.610378955275515
653,-68.36508802166814
654,-79.75392898077348
655,-29.229111548299233
656,-81.49837346651609
657,-92.46391976268103
658,-30.468596835943202
659,-108.38954532625746
660,-100.45530200654873
661,-89.93618149064689
662,-13.919012445822396
663,-64.82935442434011
664,-113.91737375384254
665,-46.27515926848942
666,-85.69782858210591
667,-153.2311307861942
668,-84.37515023731004
669,-90.04020602583266
670,-93.94300985888988
671,-80.51980203688579
672,-74.89557214883638
673,-186.36593306015996
674,-81.37595722599961
675,-76.70132270717812
676,-93.94929681385337
677,-50.49672289052297
678,-57.95648182711436
679,-107.98931124128046
680,-64.09484068959804
681,-70.15682543807544
682,-35.30122254607949
683,-51.515698789946725
684,-41.25903480508383
685,-57.430788950144375
686,-83.82224318871482
687,-84.1029849416909
688,-48.10627083734676
689,-13.603025840775901
690,-86.0532108888621
691,-74.24051694596227
692,-30.352978655892663
693,-141.60223425861727
694,-81.73012110388355
695,-76.6791710726476
696,-78.99002937992402
697,-121.64180477171672
698,8.049672156130539
699,-70.33082633130175
700,3.178348194006361
701,-169.99065485983817
702,-83.65724901651988
703,-84.3208574891587
704,-100.23870543367208
705,-47.642999650180236
706,-95.8971206333769
707,-9.114530478952336
708,-44.311583375264824
709,-86.03202118272371
710,-82.0317039080955
711,-86.62338964163494
712,-49.86803472204214
713,-81.99538508764658
714,-81.16776656925504
715,-33.55995655089982
716,-91.33128418591406
717,-117.00388853772918
718,-81.26275294331876
719,-52.949411153134164
720,-61.614402999487986
721,-62.7645845409559
722,-111.88795668776578
723,-97.39291563712186
724,-67.21904896888502
725,-67.05837392913992
726,-21.192661931824016
727,-91.76427194700751
728,-109.30109521257103
729,-64.51452805102274
730,-99.03616630942788
731,-82.69247053421005
732,-103.53625726977195
733,-41.05840582847333
734,-16.485374196844628
735,-78.7418831544987
736,-43.782526379454275
737,-16.551212158105955
738,-104.70058336985174
739,-57.250629257792355
740,-54.3963796649296
741,-95.50093775246094
742,-31.523287541655694
743,-19.672860016141122
744,-92.23701630240512
745,-87.31012280415408
746,-83.10273712096186
747,14.726011924200673
748,-100.2240534180634
749,-68.2138698180026
750,-54.592582003926715
751,-63.81525763743874
752,-62.69294277792139
753,-42.10989442739953
754,-56.46995742215803
755,-81.87858835932195
756,-81.72307635475384
757,-79.40044872031673
758,-30.31022460096908
759,-86.24363078235575
760,-95.94544129361924
761,-45.59628228418557
762,-79.05335558951518
763,-53.33315221611465
764,-92.0245368577349
765,-92.23511430773686
766,-91.0133509187291
767,-58.10591544942941
768,-123.86600323681628
769,-81.41853269205168
770,-58.465167688801884
771,-90.55864824832443
772,-115.44213885878324
773,-72.83027663365766
774,-26.730574578745017
775,-15.976412902436689
776,-31.622228031927122
777,-49.280410349165585
778,-74.0839158691254
779,-89.39373227256083
780,-77.83404226200716
781,-85.08610929861835
782,-48.2345789009804
783,-82.09554529298386
784,-115.29183727059535
785,-40.70934552649967
786,-78.55667067709987
787,-56.061239760943344
788,-73.64070398899044
789,-59.78169254126114
790,-77.24837864508298
791,-84.3304652201977
792,-95.2875043754392
793,-58.71969813831818
794,-103.35004460062348
795,-77.33709020270871
796,-42.448329896230405
797,-69.8040101537331
798,-85.51818905955064
799,-76.86929411533468
800,-45.60313398865992
801,-125.57654585656819
802,-105.40239860814009
803,-74.23987488061172
804,-37.17093066226107
805,-95.27645013121555
806,-58.62434966347175
807,-76.98521539424704
808,-47.59076097523484
809,-90.95145344740335
810,-80.34641902836698
811,-32.04758652662118
812,-80.26174837479267
813,-88.01249738182939
814,-26.421068403650846
815,-94.955308157141
816,-69.57168201239485
817,-163.40379233196853
818,-67.03220608907678
819,-27.576929146405632
820,-131.28331697773245
821,-54.438107372892965
822,-75.05682960844362
823,-86.42658698355778
824,-62.237049694241975
825,-74.64635482547648
826,-80.5130691265009
827,-27.003745095477143
828,-80.60741080211353
829,-75.62974106929346
830,-74.55251667168889
831,-73.21542394248804
832,-97.73642953905676
833,-55.90714215005291
834,-61.55567470033523
835,-130.64995043617634
836,-49.12063725899505
837,-48.42749280103897
838,-31.391451462522486
839,-72.85732682500496
840,-112.41982042986214
841,-44.963327563452175
842,-53.38809407480531
843,-45.54909418740739
844,-56.512594455711124
845,-85.1132621282617
846,-78.53397220995538
847,-59.572745075629534
848,-51.07685541814591
849,-60.61756217035611
850,-60.55835987662319
851,-79.85404581026863
852,-51.580704932269555
853,-69.59591309442577
854,-69.3567942875315
855,-61.49160697503344
856,-68.93843338314133
857,-99.06640877882406
858,-61.37289928733578
859,-21.444938288852732
860,-101.94322516629587
861,-57.0419113783947
862,-54.501425217042595
863,-25.73133234390951
864,-108.04482193492076
865,-86.0141888945166
866,-127.19132047905507
867,-20.58989292615618
868,-103.4447717185527
869,-57.538070228080905
870,-126.536886151518
871,-125.71570401722391
872,-95.2566693235975
873,-66.84468482266888
874,-108.49230635702202
875,-105.6171824746025
876,-60.445547199076536
877,-91.89477855068961
878,-69.55112366500575
879,-55.732341202667094
880,-10.927596214915958
881,-60.66473860248919
882,-109.4593767186889
883,-176.50012273552744
884,-92.40613498286835
885,-89.5521122165385
886,-87.82168321477091
887,-76.25480176981479
888,-102.92179385258457
889,-60.99198415957703
890,-105.25077179932049
891,-142.66250642140946
892,-94.41787007099649
893,-66.18406801666913
894,-79.1105833810217
895,-50.34591043179592
896,-81.11930714365793
897,-29.842638950690617
898,-91.59193061762609
899,-100.03355688613989
900,-128.93295932673445
901,-55.467333501054554
902,-105.31227461872118
903,-150.10182600003114
904,-113.19373068861539
905,-43.35034786322704
906,-100.89567089880245
907,-86.76677177735056
908,-75.22476930982987
909,-85.18110931589916
910,-76.02440918449707
911,-57.091548123704534
912,-134.88722387960198
913,-129.67740573858768
914,-63.259767049843504
915,-105.2697197466019
916,-134.9011288679696
917,-78.87944099128957
918,24.611069208480234
919,-155.7331759535235
920,-65.56393379815894
921,-61.04498335775523
922,-70.51156555881148
923,-50.383477963628266
924,-78.02539548568166
925,-67.09961575788532
926,-76.62790422979074
927,-54.21730098724616
928,-113.88226257846274
929,-70.21117764209116
930,-77.06085275217796
931,-97.01775869934933
932,-51.712477678001434
933,-65.2667170606012
934,-100.98859547411712
935,-46.28126020082706
936,-105.30641746941268
937,-51.569120641609324
938,-63.55351665581538
939,-23.110688029804972
940,-47.618428138987255
941,-75.8887108846903
942,-82.7335738106691
943,-21.272639622302865
944,-31.961558514012275
945,-115.26165277044716
946,-52.195460803745576
947,-92.5678781127392
948,-108.51113409158536
949,-138.60258914799576
950,-84.95453973145739
951,-112.81245688807395
952,-47.688174661544664
953,-68.06020198530264
954,-57.486922188566595
955,-103.65119989577694
956,-118.62483949325093
957,-80.07477204241627
958,-133.83267878886664
959,-65.55651132165214
960,-94.3767072602939
