0,-0.20451999177580146
1,-0.16998260135923124
2,-0.10145274124216119
3,-0.11032201277757896
4,-0.8893871547254272
5,-1.20960055444669
6,-1.1911080122453332
7,-1.49108158376997
8,-0.2757679317558997
9,-0.0787182654839895
10,-1.1656483007402212
11,-0.12954558856128126
12,-0.287492166566444
13,-1.6681324875451005
14,-0.501996971445505
15,-0.9094101656712666
16,-0.5429763101814065
17,-0.7185812067959488
18,-0.07973623530966915
19,-0.40165267773552904
20,-1.1420655145107608
21,-1.0721931137673506
22,-0.10988628729383351
23,-0.18106264917375453
24,-0.6052955137762126
25,-0.2037835970706444
26,-0.810097798256123
27,-0.0015903407997443636
28,-1.109679389726515
29,-1.067683798871152
30,-1.1491732073790453
31,-0.7044326442659494
32,-4.669157729786641
33,-0.6710885472744341
34,-5.55328013600719
35,-2.6641570374612438
36,-0.004822924521898968
37,-2.8649367863209907
38,-0.3104729686297198
39,-1.041556996983416
40,-3.253080981544347
41,-0.40785072960295815
42,-2.2714592258531905
43,-0.048493376591944116
44,-0.28941202333076566
45,-0.13779855995540488
46,-0.4252978378611562
47,-1.09032856053985
48,-0.10860950142184103
49,-0.09859853204664468
50,-0.381025834509846
51,-0.8617259190790777
52,-0.25156517820059654
53,-1.1979903858260545
54,-0.4693753648495718
55,-0.6008719832986832
56,-0.22371115102186945
57,-2.3274238019395823
58,-2.201840571344744
59,-0.3080110538855387
60,-0.004891906783412167
61,-0.00812818066517933
62,-1.4406560616272641
63,-0.3197734227449766
64,-0.5666568850036605
65,-1.468549131907624
66,-0.1928676644585159
67,-0.028041842243841923
68,-0.4305916948126211
69,-0.2616266339321545
70,-1.4769126864595739
71,-0.030895767595074702
72,-0.0032213581695748894
73,-0.24815084345747387
74,-2.5528079901173286
75,-0.3356116602299411
76,-0.45817775510293274
77,-0.2498743545617757
78,-0.2936210318677109
79,-0.07805936914250972
80,-0.7452635907433449
81,-0.7399394269729319
82,-0.02224057888865314
83,-0.46377403472157763
84,-0.1690303829658753
85,-0.009195946601674639
86,-0.46604045102046526
87,-0.10878218125206252
88,-0.08954298409640372
89,-0.018730218584035133
90,-1.9210904437115042
91,-0.08202788146052228
92,-0.6761533222174697
93,-0.651100838099841
94,-1.552070909849324
95,-0.496652660037119
96,-0.1343141018525638
97,-0.1365742996721534
98,-1.581816426059794
99,-4.533613251231198
100,-0.8352511805185866
101,-0.1573018461762179
102,-0.7563707625051393
103,-0.03339760359404481
104,-0.1702037488424866
105,-0.3660750522574043
106,-0.09714490241149837
107,-1.14940780059118
108,-1.6408537975757618
109,-0.013411667894605133
110,-1.8529113389198966
111,-0.2979645182601293
112,-0.24481617009232046
113,-0.1082921138822315
114,-0.3437497441880428
115,-0.10586577929235674
116,-0.25620903460906963
117,-2.196358725083194
118,-1.167606182107596
119,-1.039336143647566
120,-0.78434553248384
121,-0.345519662025392
122,-0.28848252871486
123,-4.056939687000456
124,-1.2728858513840429
125,-0.0010621286290242
126,-0.4987083389243668
127,-0.790306421203199
128,-1.9907401198954426
129,-0.0011215360146593224
130,-0.25049932804376873
131,-0.0637688311228327
132,-0.0011077626915753076
133,-0.13060549659932763
134,-0.10034236725916308
135,-0.07851589865927931
136,-0.008334093865671632
137,-0.017018759102505648
138,-0.021055825931397334
139,-0.3505448270286052
140,-0.09253394990795105
141,-0.15314281593997606
142,-0.2645462774473782
143,-0.7215051519133169
144,-0.13902811226740308
145,-0.16836442682133929
146,-0.3699359826920431
147,-0.21841991346617984
148,-0.022226544011215234
149,-0.16024443855295184
150,-0.5558297220447945
151,-0.6359092562232034
152,-0.0029615261974854055
153,-0.0013896548140129113
154,-0.2848468652025872
155,-0.44557772897456505
156,-1.4217868911887208
157,-0.028036821103948936
158,-0.006253670793455497
159,-1.585378227540854
160,-0.5092038740572968
161,-0.33731622157684493
162,-0.3368227832362491
163,-0.25559138062912945
164,-0.09635466246354453
165,-0.700260020205514
166,-0.28798019026176397
167,-0.3631674231851813
168,-0.6303173010582441
169,-0.1266726061210856
170,-0.0016053999017046447
171,-0.18749547055018934
172,-0.0074734692354141916
173,-0.06276632423668112
174,-1.3957523490954689
175,-3.211621908470555
176,-0.7395912258161854
177,-0.3198917865009414
178,-0.0689504060284115
179,-1.7019201263828119
180,-1.3700194136122668
181,-0.046172792532188284
182,-0.12276802937119792
183,-0.4964016689062736
184,-0.12343870960432901
185,-0.011736675641322542
186,-0.00323470993184013
187,-0.12966355818752617
188,-0.4382068658707308
189,-0.6197138168162266
190,-1.8663383968985832
191,-0.572384648683645
192,-1.8389363204208309
193,-0.14573112303844454
194,-0.15987938566075005
195,-0.21842257013994515
196,-0.11822919948898421
197,-1.4102756732343398
198,-0.32058403404474
199,-1.084832308708854
200,-0.7649060867640773
201,-0.2883985683866034
202,-0.02853716558479117
203,-0.3374720766700589
204,-1.585131598885611
205,-0.0009704337958983386
206,-0.2665546726858112
207,-0.1478762696154218
208,-1.3423219584080694
209,-0.2086528695496406
210,-0.02895618066750772
211,-0.5907575566279643
212,-0.31893965258114015
213,-0.016249918922382388
214,-0.6020528178977292
215,-0.048479284546065614
216,-0.13938855376238948
217,-0.749107695661496
218,-0.2564135232739869
219,-0.17994192910388854
220,-0.8871604319925722
221,-0.5698580259272318
222,-0.09035363899428936
223,-0.21117871715383124
224,-0.04689965426964888
225,-0.5478676833417145
226,-0.2285308563297629
227,-0.6276320420805017
228,-0.5035977520971326
229,-1.2109231218761143
230,-0.15386496141892386
231,-0.32277013093308277
232,-0.01974592371945507
233,-0.4052238895333802
234,-0.032510659841443815
235,-1.720113853225368
236,-0.8026832210555789
237,-0.4981031782076321
238,-0.4328156211038623
239,-2.300028723010777
240,-0.3194971022595785
241,-0.007791371028786924
242,-0.7306921847896336
243,-0.17384913598290885
244,-0.0014826097143534314
245,-0.29400350049067975
246,-0.04290348946080382
247,-0.07928090973252515
248,-0.5519285426854103
249,-0.1926106311139283
250,-0.20847754400628002
251,-0.08983075449553271
252,-0.09539081599598505
253,-0.35864500474730343
254,-0.1305805797053241
255,-0.033193562813073764
256,-3.1609077028411923
257,-0.7066994165394105
258,-0.7679384371532108
259,-0.08323290765031359
260,-0.3619881055123032
261,-0.8166849907941858
262,-0.09079868556229301
263,-0.050559651205675876
264,-0.12387257449431041
265,-0.49874305414434467
266,-0.7085078074166878
267,-0.03253009490950569
268,-0.010814617924639511
269,-0.007785845419611271
270,-0.17496607217664167
271,-0.11445059412973053
272,-0.5757192800323848
273,-1.730748038182909
274,-0.0022068268771952043
275,-0.5470014097980176
276,-0.003218186971158212
277,-0.385433940535893
278,-0.0960716024492351
279,-0.4678076999853485
280,-0.04871866358303583
281,-0.6909211347982934
282,-0.041324265611116115
283,-0.23954282853607828
284,-0.479360268767622
285,-0.1122217264569574
286,-1.1128988249072613
287,-0.019837690986106802
288,-0.3730941946796207
289,-0.2947637209764653
290,-0.04192491794780056
291,-4.080197321476974
292,-1.8925908587121123
293,-0.03209026134139114
294,-0.22409885943319893
295,-0.24887783822676848
296,-0.006967933856009431
297,-0.3845569335808962
298,-0.31904354592454165
299,-0.5463389767106026
300,-0.005955123334082927
301,-0.09750794010946676
302,-0.3711082450713658
303,-0.02943773026288423
304,-0.312934637529316
305,-0.4967554607377765
306,-0.21067622153865853
307,-0.03114712560978466
308,-0.008254383414686524
309,-1.19282691047055
310,-0.35646432960359575
311,-0.13478139609443626
312,-0.03806729113811637
313,-0.08725409282902605
314,-0.6537143765971305
315,-0.002942393295458282
316,-0.5493632753581538
317,-0.7575141601997476
318,-0.00839572820903518
319,-0.20544231321772344
320,-1.815688018367993
321,-0.0014936184083647428
322,-0.06006036032084992
323,-0.18661026714539686
324,-0.632286550154151
325,-0.7710084350920607
326,-0.3792225362524886
327,-0.21594282019144334
328,-0.2877281083101308
329,-0.058258152388498206
330,-0.00045058465321259536
331,-0.2393870236439434
332,-0.19474360977606894
333,-1.1521984929960507
334,-0.07400056734906714
335,-0.14473354543333639
336,-0.0029823007821868355
337,-0.08913902065138044
338,-0.08827446081240933
339,-0.005069331780955225
340,-0.23054087059182116
341,-0.3659638355061006
342,-0.015019670220283655
343,-0.004973251602345575
344,-0.2247935228524457
345,-0.010111093838835121
346,-1.2515605508237588
347,-0.00054659255791491
348,-0.038499730588366074
349,-1.5180251386437749
350,-0.5966778341681953
351,-0.24720965011851384
352,-0.380210489349907
353,-0.9689395715047202
354,-0.3973509965945862
355,-0.0363776694393561
356,-0.3645277879543122
357,-1.7586657497380869
358,-0.12204959967474882
359,-0.08625783554413814
360,-1.1169098672551838
361,-0.005977803658190175
362,-0.17445584150441365
363,-0.7016964655658833
364,-0.01891486729189206
365,-0.0751696768568966
366,-0.20507121129472794
367,-0.323328657351575
368,-0.013803037377489509
369,-0.0005223193512646593
370,-0.24914670549971307
371,-0.01818005572437612
372,-0.41538669759806096
373,-0.003613714990914674
374,-0.6112157571290213
375,-0.010186433821230472
376,-0.001360847513813494
377,-0.05701962127651069
378,-0.031058675737652062
379,-0.5924176528907656
380,-0.8506703874905731
381,-0.1542143687712916
382,-1.3063908315565838
383,-0.21976470280090646
384,-0.047679415651327856
385,-0.3941276817249473
386,-0.21161658965821684
387,-0.01007194599162959
388,-0.004578879524360431
389,-0.003962912487379642
390,-0.22704160865380468
391,-0.16081991544079444
392,-0.4486272937172433
393,-2.0125735005000056
394,-0.9286716342087521
395,-0.01076908766843711
396,-0.16279064278063582
397,-0.6287229408668138
398,-0.0007054280283081728
399,-0.8490670633927986
400,-0.14406952437994788
401,-0.43152757660084934
402,-0.06126749021641664
403,-0.05211444763995454
404,-0.1633629845226461
405,-0.011070554670470172
406,-0.3950401063585126
407,-0.7104086211054559
408,-0.17907407878413162
409,-0.547533602738065
410,-0.12064088772895686
411,-0.456833107851629
412,-0.043496928678871304
413,-0.11011976613647946
414,-0.28537103280072007
415,-0.21476509614648248
416,-1.1322898724840915
417,-0.9335431490788211
418,-0.021139963790245825
419,-0.12688953737581
420,-0.2414822010929442
421,-0.14873344093765614
422,-0.25336358337918913
423,-0.002923550570567741
424,-0.256371668426336
425,-0.05343882934523301
426,-0.030451957056935066
427,-0.029948408295833645
428,-0.23145204500432337
429,-0.13436887363074995
430,-1.0655352520304013
431,-0.24380721955115522
432,-0.161383127816829
433,-0.13164644535430342
434,-0.29182141247386795
435,-0.43501420341561675
436,-2.5810701727534453
437,-1.0088569152051445
438,-0.7777610155576073
439,-0.0055284213233702615
440,-0.1805597822165037
441,-0.6503181711320817
442,-0.30146971693101504
443,-0.06318556418222819
444,-2.0250868686835006
445,-0.005752848732744559
446,-0.04493355322487191
447,-0.3413494260019199
448,-1.5982316089273843
449,-0.20795794384170593
450,-0.13577465693933408
451,-0.40926582100344405
452,-0.5187016824956098
453,-0.042207739736829265
454,-0.32025247417794594
455,-0.29918449055439816
456,-0.002388851699623142
457,-1.244634686850036
458,-0.29230229801396584
459,-0.2525227989569701
460,-0.05248581203847958
461,-0.007575523640040558
462,-0.5731999802917
463,-0.30080727830703435
464,-0.6555417385979591
465,-0.073716821895362
466,-0.6599982238362139
467,-0.42647524897162353
468,-0.8947736619703809
469,-0.001095446202113673
470,-0.19596031432444727
471,-0.16998053154348874
472,-0.41542610173020794
473,-0.4256677341993347
474,-1.8398164146596743
475,-0.5621434690521856
476,-1.7078339485843315
477,-0.5565313144024192
478,-0.006155245682518062
479,-0.41765770233052113
480,-0.2115400756556487
481,-0.17404171320372855
482,-0.36509341240635307
483,-0.31461918359637436
484,-0.013627508839998586
485,-0.14109728987849351
486,-0.10011491999300633
487,-1.5180631640947244
488,-0.06025365333050771
489,-0.08416879832620403
490,-0.0021629931076623137
491,-0.007477740092051915
492,-0.5974438107833996
493,-0.06079228466570533
494,-0.6240557065948006
495,-0.8840430722428004
496,-0.05577709237419037
497,-0.2836653198717826
498,-0.029726897827091692
499,-0.35967539726903297
500,-0.4734506047747281
501,-1.245587500310314
502,-0.6606292624181447
503,-0.18911530301246224
504,-0.674581084707117
505,-0.006337517633162834
506,-0.028195535255503387
507,-0.572948066645795
508,-0.2250535581591216
509,-0.1023065606755119
510,-0.4348501759303919
511,-0.09135740003550485
512,-0.007381412347441118
513,-2.1818056140632263
514,-0.2864587355337766
515,-0.2965494340516784
516,-0.5953225915223719
517,-0.3655949261646398
518,-0.009407629251751206
519,-1.089064523720969
520,-0.7152034111143728
521,-0.2841442869473478
522,-0.20192118143606194
523,-0.5362850120285554
524,-0.4940330842448491
525,-0.23797233587188013
526,-0.5628284133642573
527,-0.11487740643671354
528,-0.3973644209158665
529,-0.036474841565889295
530,-0.052154408801847074
531,-0.005570374462219825
532,-0.31423837139934857
533,-0.16681742080810658
534,-0.022680328740876086
535,-0.8243940336192644
536,-1.3498266506478385
537,-0.0006680422666710153
538,-0.42834881503543987
539,-0.9454153693360564
540,-0.4216820786683408
541,-0.05101373267871889
542,-0.3770236984069509
543,-0.8863321520234064
544,-0.0010794828299349206
545,-0.28499961047474043
546,-0.10030983508269854
547,-0.7972312063896038
548,-0.12234727679417574
549,-0.1140959149886754
550,-0.5307580113955281
551,-0.04329670431573883
552,-0.8836084550134513
553,-0.05382727130544463
554,-0.31397629030943647
555,-0.08697558694948837
556,-0.0030080559740752887
557,-0.012457124877980733
558,-0.16420055811779738
559,-0.22686922047935623
560,-0.4443060622886331
561,-0.23845387145459773
562,-0.043351131102685354
563,-1.1885743002122262
564,-0.011397372689558113
565,-0.14194877392016478
566,-0.18228127124623286
567,-0.013295271740753354
568,-0.0030058743288046215
569,-0.6241778977420709
570,-0.804796315474409
571,-0.14047077193949617
572,-0.16540208320536642
573,-0.04718833668772476
574,-0.5472928335600418
575,-0.7022066163915024
576,-0.2390478161846313
577,-1.274940627599056
578,-0.05421888780221759
579,-0.028599211270867717
580,-0.027190398137964464
581,-0.5397571149742643
582,-0.30152074492474157
583,-0.0030684371090882756
584,-0.017442382034160167
585,-0.08285940412723
586,-0.0015480347325054998
587,-0.3437353304305001
588,-0.20367506318745238
589,-0.5344548951978699
590,-0.008777848356993207
591,-0.4745009577034069
592,-0.02935512258810171
593,-0.679444687690507
594,-0.5115416128945522
595,-0.02453773475960399
596,-0.12560586387539577
597,-0.4777538635277343
598,-0.0033766436437648634
599,-0.0013032030579900535
600,-0.09861238900757091
601,-0.18952612771692634
602,-0.5811156507412671
603,-0.0015523727017136828
604,-0.12374460045316069
605,-0.2743640676185124
606,-0.20704143064623018
607,-0.5977633795559912
608,-0.04942380392309128
609,-0.12549556670841513
610,-0.005667982804059609
611,-0.015040702863107002
612,-1.341908936207253
613,-0.009250149336961357
614,-0.33780336162141295
615,-0.3555990728783787
616,-0.084902131327955
617,-0.13369331766221046
618,-0.8752779253516432
619,-1.9415524334139904
620,-0.06263481149499461
621,-0.3615874862331095
622,-0.013042756615337906
623,-0.09204269363372942
624,-0.025745044095219136
625,-0.0301849640925825
626,-0.525988964262315
627,-0.0011045866373433847
628,-0.13569684155088624
629,-0.0044363115228328856
630,-0.2331501022583828
631,-0.05096658806044941
632,-0.31073022691202834
633,-0.08374256236327134
634,-0.5066240694802585
635,-0.4365438755518236
636,-0.024832978877256707
637,-0.7870912734903136
638,-0.04575293515862923
639,-1.0285384095554575
640,-0.11487321164284334
641,-0.07400819474966484
642,-0.8857862038679089
643,-0.03866407017330802
644,-0.015557013742111549
645,-0.0013616930519855417
646,-0.29953726762506916
647,-0.25737610449530046
648,-0.3036703976262387
649,-0.33801279028183545
650,-0.5052686599129859
651,-0.7200724657780957
652,-0.06063465939157818
653,-0.01526810959574227
654,-1.1423863557394638
655,-0.8259425226521933
656,-0.23736047335000449
657,-0.003773441988785016
658,-0.35452735401707797
659,-0.11354240243195764
660,-0.42294688415239584
661,-0.1431131725862778
662,-0.021061390500714913
663,-0.2479465196768104
664,-0.019334354154539185
665,-0.0826628685240803
666,-0.49018760382782517
667,-0.6945997252266792
668,-0.7876810981134484
669,-1.0821224309214765
670,-0.04646505821964549
671,-0.2718558178234067
672,-0.8489567035952312
673,-0.008353546820858362
674,-0.4256708080882827
675,-0.0769281804212399
676,-0.007887850399298992
677,-0.29452430023074316
678,-0.2729232545555702
679,-0.4381430684863256
680,-0.29832266303225163
681,-0.0013565863372519552
682,-0.12011051702534933
683,-0.3042797158634053
684,-0.19588491803517882
685,-0.6759090033468561
686,-0.11648161565056693
687,-0.1559706272017498
688,-0.4237954516056084
689,-0.08904459655243346
690,-0.6653666915470756
691,-0.006349468103247689
692,-0.4785556512646246
693,-0.07741144320654654
694,-0.8952989337330332
695,-0.008079176826670278
696,-0.7985116366423259
697,-0.02545566051566336
698,-0.8066193588242083
699,-0.008324043251146485
700,-0.13023399173638892
701,-0.0021775663810006114
702,-0.13312065364204975
703,-0.06941768639322404
704,-0.6502947992895273
705,-0.07349125722783584
706,-0.00948951357871185
707,-0.18185078361669466
708,-0.031030148021458828
709,-0.4391702969284559
710,-0.08809166142717129
711,-0.4701603601207997
712,-0.5942023121837309
713,-0.04417463317277147
714,-0.660633299295246
715,-0.06349711621106303
716,-0.053157038602703884
717,-0.023415916295730595
718,-0.09615135241201808
719,-0.010019989858710545
720,-0.010874991106378497
721,-0.16426904032777842
722,-0.020436221035885403
723,-1.0349748522504516
724,-0.04539592689166301
725,-0.06823865458313597
726,-0.47742428789793656
727,-0.17090024413698357
728,-0.03580644680964029
729,-0.013366818033791979
730,-0.6554889740861792
731,-0.04531341289631679
732,-0.17467618502104987
733,-0.4597667086489354
734,-0.006554374195084087
735,-0.20306785912510744
736,-0.003080267549822952
737,-0.22085893041090363
738,-0.007164704595707037
739,-0.6180072892290398
740,-0.3060862449294661
741,-0.07009181504377805
742,-0.1395807130347025
743,-0.08092247660891223
744,-0.2381640109637955
745,-0.014618094693941045
746,-0.05728185647195206
747,-0.02458732779048183
748,-0.45981137815752554
749,-0.22388395199100725
750,-0.07343584761382604
751,-0.5820464602225172
752,-0.6133634918101091
753,-0.03699848176905481
754,-0.3857424891932177
755,-0.5721437760200754
756,-0.16780431063968074
757,-0.447941086227457
758,-0.2606119973697118
759,-1.4420114979555705
760,-0.8717088852961378
761,-0.05218294703867274
762,-0.256997793705419
763,-0.0029242818911985216
764,-0.8902113268505623
765,-0.004961343742947436
766,-0.4376650223830377
767,-0.3687566134066907
768,-1.3121115613617977
769,-1.2708889184913776
770,-0.1824051700826949
771,-0.14477144792091654
772,-0.01099142574856203
773,-0.050976839401149984
774,-0.175300999845681
775,-0.04494534920478472
776,-0.4748633901863008
777,-1.8018899149074645
778,-0.3640524149660098
779,-0.5459878139834826
780,-0.35322684436668433
781,-0.07501164889110218
782,-0.7235371699337908
783,-0.004582489199024268
784,-0.0964399572656908
785,-0.09741307721170443
786,-0.09265731811349338
787,-0.02837043012717868
788,-0.001226851557385726
789,-0.027733972217554834
790,-0.6368392294309807
791,-1.03751491624675
792,-0.7155114092226433
793,-0.5777813731616652
794,-0.008854882563891452
795,-0.0017282064052750075
796,-0.006436043365653085
797,-1.0738228620262598
798,-0.27322363486788914
799,-0.22464244405694256
800,-0.16524200734113179
801,-0.6350747163474963
802,-1.1273593838173266
803,-0.5072174955677503
804,-0.0070819703720712375
805,-0.06320572298128609
806,-0.8691955928468079
807,-0.2981945248389248
808,-0.08359513128468934
809,-0.09186933741894424
810,-0.005231626475602416
811,-0.027072021262509884
812,-0.017738557261977813
813,-0.058362118863344324
814,-0.14001324780557003
815,-0.0028271122347774532
816,-0.5690292049767449
817,-0.0006675999576020461
818,-0.07529975052416243
819,-0.0029102285245543418
820,-0.296300365378284
821,-0.6924603700178497
822,-0.008968816699208432
823,-0.04618084002460897
824,-0.02345557694798774
825,-0.6000697359059236
826,-0.002956078627649409
827,-0.005731352334872598
828,-0.7338368390598891
829,-0.006320445569408398
830,-0.06489736361008056
831,-0.16500297973961298
832,-0.015479252799649358
833,-0.03883384220741657
834,-0.5249755982056109
835,-0.0016061917728640257
836,-0.2192316648860317
837,-0.25962205637142055
838,-0.2469532926502509
839,-0.03424684675200912
840,-0.4336614132554185
841,-0.004059471126864874
842,-0.016006773783554057
843,-1.2452053814100306
844,-1.5799543113087757
845,-0.380707241561449
846,-0.25695453570841187
847,-0.14377139270304326
848,-0.21459144505450448
849,-0.16797142731591932
850,-0.07449548103929673
851,-0.47262999946349704
852,-0.3987848037062501
853,-0.044877254472071436
854,-0.002172768531372795
855,-0.08042299444183203
856,-0.017725561089223005
857,-0.3199890249669056
858,-0.07314712714927121
859,-0.15126825009301026
860,-0.021992493177394875
861,-0.0010794820543187041
862,-0.07084300804570204
863,-0.2751048319013168
864,-0.0010938322596546022
865,-0.08098090134309972
866,-0.18732185916556235
867,-0.239219385849097
868,-0.031121217051063254
869,-0.0056211769501737854
870,-0.03076755067197562
871,-0.05116025438736646
872,-0.1728264343237218
873,-0.05774140836095929
874,-0.6984246475044321
875,-0.12077149042164532
876,-0.1427597621306629
877,-0.1449576065648874
878,-0.24560456668908023
879,-0.3029921721629817
880,-0.10700419266959382
881,-0.10335713611555922
882,-0.0012267037943321886
883,-0.12503304566892057
884,-0.061760394795431627
885,-0.358759378376933
886,-0.0020511598493312745
887,-0.13267414547292308
888,-0.1470995377937614
889,-0.8598719256323482
890,-0.4643233246585363
891,-0.23894267186335155
892,-0.1975453863611781
893,-0.26805369513386373
894,-0.7559231872084489
895,-1.0910427404843828
896,-0.21673278717502475
897,-0.10254426177396667
898,-0.061022830072238785
899,-0.06917933078300777
900,-0.7400340000035164
901,-0.30083085903434476
902,-0.004263226024569307
903,-0.721559833350267
904,-0.712032320216527
905,-0.2745761848254539
906,-0.7376452262083262
907,-0.01754760187034773
908,-0.562125018391512
909,-1.1430384008206569
910,-0.17469606169575108
911,-0.36700766982131316
912,-0.012030762777259384
913,-0.9585193130497749
914,-0.27586407482237957
915,-0.42318663444663984
916,-0.7856653825327654
917,-0.622690668481097
918,-0.20267709057870942
919,-0.4704996465215591
920,-0.3675742888322249
921,-0.3701688182195914
922,-0.19517076331130362
923,-0.1855131852252108
924,-0.9230793632988766
925,-0.16338343933472055
926,-0.010843305242600304
927,-0.018878038476435603
928,-0.6410296623243604
929,-0.17095010550981182
930,-0.001987404617612966
931,-0.10904289516280256
932,-0.1661603514028542
933,-0.0010111706535198789
934,-0.800074889137619
935,-0.27434111404026185
936,-0.16893787185446318
937,-0.008348770156462083
938,-0.30899819415309676
939,-0.6702098028841749
940,-0.04718838010514374
941,-0.23583694124890295
942,-0.1325284558200763
943,-0.05525978742675397
944,-0.7934612642887687
945,-0.17127251238715305
946,-0.11437484391031807
947,-0.0004856356170131063
948,-0.08426902606769998
949,-0.12504083089488524
950,-0.5903367657583172
951,-0.2428270978256866
952,-0.4906673230586106
953,-0.5141616642551293
954,-0.28602063633375235
955,-0.08200727866645226
956,-0.44186554479729634
957,-0.0401746274897904
958,-0.041133859899869736
959,-0.0052746819386667925
960,-0.015512374690396515
961,-0.5395326621875628
962,-0.37087162413609054
963,-0.3480851335995105
964,-0.48539850886441405
965,-0.023365751399364816
966,-0.06089558388225365
967,-0.3048509670311198
968,-0.01681339117285033
969,-0.03465249556177232
970,-0.6028210689446286
971,-0.2061965074516221
972,-0.27588948914355255
973,-0.014944003446026713
974,-0.11732712224138823
975,-0.2281339284507619
976,-0.301852923709878
977,-0.9679619300793718
978,-0.013902460090302892
979,-0.11761782366495244
980,-0.0740138306836149
981,-0.21131356234909318
982,-0.013314569737099682
983,-0.2935755501471161
984,-0.6610346085868798
985,-0.48697171634705616
986,-0.06909380405384752
987,-0.46769778452366845
988,-0.10356736471470149
989,-0.01660048569372059
990,-1.2497888098960512
991,-0.018578160589705454
992,-0.07114224229542418
993,-0.3950670655951445
994,-0.044825227237263246
995,-0.11456210651847894
996,-0.4754376665463506
997,-0.05061295333498517
998,-0.009543122951247868
999,-0.14642739520463344
1000,-0.7655721667148202
1001,-0.11199713891850042
1002,-0.18467273364031478
1003,-0.33337203521165815
1004,-0.13370591741305413
1005,-0.0414645593962149
1006,-1.3515386321490421
1007,-0.09998498184935586
1008,-0.23885168827067618
1009,-0.29149833004414577
1010,-0.0025727663690541555
1011,-1.0404500839841502
1012,-0.10493988586071397
1013,-0.9682552906365907
1014,-0.0020324088745833644
1015,-0.03542677907829999
1016,-0.07291358442227383
1017,-0.5811568943451397
1018,-0.026155515798604558
1019,-0.282378800797976
1020,-0.5029849878773559
1021,-0.06208508922169186
1022,-0.0008730902547249358
1023,-0.12780094695275077
1024,-0.26213654882651927
1025,-0.012617495297781873
1026,-0.3745743610372844
1027,-0.5675063326902632
1028,-0.4036851893696804
1029,-0.0813720096518311
1030,-0.003921101172255815
1031,-0.040432319484645464
1032,-0.2734815175174432
1033,-0.7395694460747224
1034,-0.08759578219521442
1035,-0.000958640073979117
1036,-0.1695577519805466
1037,-0.00022356607089308114
1038,-0.10552375477495679
1039,-0.005329119366527192
1040,-0.04403049087032243
1041,-0.01516084890046155
1042,-0.10522027819773991
1043,-0.002793985333016921
1044,-0.08995231665679632
1045,-0.8399364481347216
1046,-0.23744480420437467
1047,-0.10039124604336458
1048,-0.001485293131469002
1049,-0.793558769244523
1050,-0.6072741394428577
1051,-0.15128208829283057
1052,-0.1327919279900578
1053,-0.12984305127665582
1054,-0.10245205590177421
1055,-0.1286380614124047
1056,-0.291390336895766
1057,-0.3321724874107361
1058,-0.15829804101163952
1059,-0.3249448043059919
1060,-0.001158978130366662
1061,-0.8942936940980593
1062,-1.2137577735481098
1063,-0.0301837836627835
1064,-0.41902928442927345
1065,-0.2067719066899266
1066,-0.40250069216810286
1067,-0.5262439390942252
1068,-1.0245509507354964
1069,-0.16384215838859198
1070,-0.1651850411349427
1071,-0.08664075499197388
1072,-0.16170100013414448
1073,-0.05148598649264013
1074,-0.3971139866014388
1075,-0.4855741079084257
1076,-0.005863944090888858
1077,-0.28550706774533147
1078,-0.16353308324706828
1079,-0.2595443283900019
1080,-0.05513473269355675
1081,-0.5217647646168939
1082,-0.09973052729054362
1083,-1.1189350960610185
1084,-0.2095035305044139
1085,-0.14291891177756655
1086,-0.015454736144495032
1087,-0.1564109760850163
1088,-0.3838703801376014
1089,-0.4501051570404876
1090,-0.10958089103395205
1091,-0.14156225740536654
1092,-0.7906404793463971
1093,-0.06077365879639432
1094,-0.835078701302787
1095,-0.038618944202590315
1096,-1.2280862418334522
1097,-0.04754429491534031
1098,-0.5053181629671883
1099,-0.21735676617130048
1100,-0.025759200176126165
1101,-0.7714979239932402
1102,-0.3440572787546831
1103,-0.04527300125196158
1104,-0.045879859981181735
1105,-0.5363256311370327
1106,-0.9650235480658177
1107,-0.19452914672243987
1108,-0.5280887994925377
1109,-0.002831474396135935
1110,-0.1995976974573316
1111,-0.06587579607586375
1112,-0.10822659828347277
1113,-0.42198448829175583
1114,-0.09241554491413842
1115,-0.09320200337545127
1116,-0.4141976686495056
1117,-0.0013508208629426984
1118,-0.047088398562621786
1119,-0.1001467919477154
1120,-0.23006120511286496
1121,-0.1959088095551943
1122,-0.001083573691061907
1123,-0.7218444988696229
1124,-0.5146845775118041
1125,-0.5208262754237498
1126,-0.4598424887400907
1127,-0.30457216011708826
1128,-0.2751186831356606
1129,-0.15774390502285293
1130,-0.011564888066286416
1131,-0.2604708661677536
1132,-0.3846726963169539
1133,-0.7535030136193587
1134,-0.44196563086063534
1135,-0.23933451604082148
1136,-0.1348901573970166
1137,-0.9092555392083977
1138,-0.3991856502069591
1139,-0.10365010041025723
1140,-0.9303056519616232
1141,-0.10141389167863295
1142,-0.7748332519422659
1143,-0.35407557700898845
1144,-1.905198329471061
1145,-0.48608780048962336
1146,-0.016536035334036338
1147,-0.0015942114320498136
1148,-0.11767474078148014
1149,-0.09695728073848388
1150,-0.09751048643293006
1151,-0.8634148352652429
1152,-0.33523083326046893
1153,-0.10031072555864418
1154,-0.37907586840469015
1155,-0.0006111963524601144
1156,-0.14994192880107723
1157,-0.041577490649059065
1158,-0.12883342816857501
1159,-0.3065541030256062
1160,-0.01719704523791691
1161,-0.3874391582447925
1162,-1.06723748686685
1163,-0.8927144655497093
1164,-0.2939284801708688
1165,-0.08893996452591532
1166,-0.5561231825556947
1167,-0.010218184919588588
1168,-0.10099368837594348
1169,-0.030931245795173812
1170,-0.06829337469845115
1171,-0.023653277854526346
1172,-0.0020885340360271036
1173,-0.14416511205664337
1174,-0.036856595758372336
1175,-0.14654059041982065
1176,-0.22103382212826278
1177,-0.4348721025808739
1178,-0.03873073418392054
1179,-1.2249110704359911
1180,-0.0492029955609771
1181,-0.06993898803823173
1182,-0.4775406283469679
1183,-0.12367747067009523
1184,-0.0028507316162635936
1185,-0.16734272248148346
1186,-0.23007347180485369
1187,-0.7669477509289541
1188,-0.07922403156994218
1189,-0.6869854254234539
1190,-0.002799868351057826
1191,-0.20754112347827705
1192,-0.12254601303721245
1193,-0.5333829886651454
1194,-0.396693187240613
1195,-0.0019183671622537482
1196,-0.036072953594457974
1197,-0.1231566001732835
1198,-0.21467659181624713
1199,-0.10004725248796993
1200,-0.4807873073605421
1201,-0.22023687384110788
1202,-0.3545620607378612
1203,-0.19860357146361815
1204,-1.7175253270358741
1205,-0.09213121693657952
1206,-0.2851211276835131
1207,-0.24789830267485377
1208,-0.1839693560013212
1209,-0.4162933945712689
1210,-0.4908657360450194
1211,-0.1308528287724715
1212,-0.003709054776941056
1213,-0.2645450572978048
1214,-0.37415062985531483
1215,-0.629760125149131
1216,-0.37312524491345095
1217,-1.1912887875904183
1218,-0.21134751901368604
1219,-0.3420889142313035
1220,-0.15571213151433538
1221,-0.4931734517379267
1222,-0.09261549284778554
1223,-0.11095426575190293
1224,-0.004950218576026063
1225,-1.1142819129158479
1226,-0.12931411899398793
1227,-0.2865442022822627
1228,-0.6942832449968178
1229,-0.008269014102715983
1230,-0.33143269513012646
1231,-0.24601663265877988
1232,-0.39066564966002404
1233,-0.02480909356389495
1234,-0.2096861507330206
1235,-0.008582109409978564
1236,-0.16877901555087912
1237,-0.0014909390379756274
1238,-0.9853822559723336
1239,-1.088897592596579
1240,-0.0008429222572274282
1241,-0.4965100782248918
1242,-0.0683715698886503
1243,-1.2516858688817043
1244,-0.051277793674640824
1245,-0.708546341078045
1246,-0.005227680291460965
1247,-0.030152971362091132
1248,-0.5811972943498398
1249,-0.14592672928091616
1250,-0.06683903407811487
1251,-0.004395267208418159
1252,-0.5054967951091366
1253,-0.1460857976336792
1254,-0.0012287004622132524
1255,-0.15949156714575352
1256,-0.11020929776713827
1257,-0.48184154255540285
1258,-1.0562693854309524
1259,-0.05363973706775716
1260,-0.12181973412084235
1261,-0.480274660388234
1262,-0.24149807610974616
1263,-0.2244742502305846
1264,-0.0017695716562516237
1265,-0.2417088436820717
1266,-0.36625880215442175
1267,-0.0026276725851211435
1268,-0.23634309034132253
1269,-0.035786285281473734
1270,-0.06405529080356191
1271,-0.003406819044496768
1272,-0.001310952726859015
1273,-0.10388195059097563
1274,-0.9314988807295878
1275,-0.02926283702092402
1276,-0.028276842271526062
1277,-0.03991483728665256
1278,-0.02782352354870365
1279,-0.16332069560052045
1280,-0.3187642707977715
1281,-0.006511723748007022
1282,-0.10325424420204332
1283,-0.0449144568484855
1284,-0.3172272791231197
1285,-0.0009933382844548187
1286,-0.001888942551410708
1287,-0.4494561861200053
1288,-0.03948054765999058
1289,-1.3953220287627226
1290,-0.2727781137840578
1291,-0.39433256365711966
1292,-0.4441043464740856
1293,-0.001775366206687225
1294,-0.014391642907819557
1295,-0.23759638584259243
1296,-0.14219531465447555
1297,-0.050814304722574755
1298,-0.0026782125233567483
1299,-0.017956960368906982
1300,-0.17875664999414534
1301,-0.0008838914001821285
1302,-1.1831135467688443
1303,-0.13972829135515577
1304,-0.3883296754459771
1305,-0.2916650428785533
1306,-0.6835022782181213
1307,-0.04523679952718308
1308,-1.0034622428177347
1309,-0.09562863421702818
1310,-0.013609613389151122
1311,-0.6555010644470012
1312,-0.14539747920062365
1313,-0.8145095546379651
1314,-0.050966358727477026
1315,-1.47830914790291
1316,-0.4371673779191759
1317,-0.06990146591294616
1318,-0.16965238175229364
1319,-0.07735390275500073
1320,-0.7388694722890395
1321,-0.3414889471685998
1322,-0.16577492413429723
1323,-0.5215932082727913
1324,-0.11697079405616706
1325,-0.03258113392909858
1326,-0.0009087885690103796
1327,-0.1144294612432594
1328,-0.8798026017704383
1329,-0.4852754554126696
1330,-1.421879685904867
1331,-0.7116634411264153
1332,-0.2773827059389053
1333,-0.02670291828219477
1334,-0.3557608269110647
1335,-0.0010963525049096075
1336,-0.10162633694981148
1337,-0.025913771657321224
1338,-0.3569167033311506
1339,-0.22403863892655554
1340,-0.022042522898116833
1341,-0.18045693536363874
1342,-1.182044162192006
1343,-0.0006663323232061638
1344,-0.04482264901310046
1345,-0.028460647573558144
1346,-0.047795898930219564
1347,-0.02399427730472452
1348,-0.21867678618203615
1349,-0.07805017168330346
1350,-0.6773768202394942
1351,-0.4234684767465133
1352,-0.000654825564231131
1353,-0.03926340133331784
1354,-0.03268180614217514
1355,-0.2550721611643725
1356,-0.021718624328454405
1357,-0.41907908856235115
1358,-0.005078802325270604
1359,-0.20327663607204424
1360,-0.06911364437738042
1361,-0.008843174769930295
1362,-0.017304732894552047
1363,-0.5701775765379132
1364,-0.001066404109306795
1365,-0.5248832613777844
1366,-0.11930494753524962
1367,-0.0008581718836513457
1368,-0.0700023774757972
1369,-0.004847491818827578
1370,-0.13481136097381669
1371,-0.020998636746196765
1372,-0.014933846292121532
1373,-0.04399091276975987
1374,-0.036475011846239656
1375,-0.27502773093999494
1376,-0.04745115844350478
1377,-0.6836612868073455
1378,-0.006227594554875529
1379,-0.023492982167800887
1380,-0.016889040744233755
1381,-0.3624201398489229
1382,-0.00180671488213694
1383,-0.2176652848770733
1384,-0.1481589221311455
1385,-0.010385099262640687
1386,-0.31232066352053534
1387,-0.006540144238405688
1388,-0.3371737268969609
1389,-0.04206946015397225
1390,-0.08413421005356171
1391,-0.2778298247006983
1392,-0.7762825652847191
1393,-0.04215676323282316
1394,-0.8553171316780376
1395,-0.30039752840510153
1396,-0.5072709921238873
1397,-0.0405487391422468
1398,-0.0016137080669555185
1399,-1.054546193998034
1400,-1.8584841155411993
1401,-0.12448236166409002
1402,-0.0009103126311864008
1403,-0.0010240609045933
1404,-0.7657149158080464
1405,-0.5343969253717178
1406,-0.7534892616793823
1407,-0.05776046848282853
1408,-0.5967699943407682
1409,-0.1925448985087685
1410,-0.6781567611399355
1411,-0.6080505647888916
1412,-0.5421305272356286
1413,-0.053343992808822675
1414,-0.028296345091043514
1415,-1.0649005223544838
1416,-0.17358987883236326
1417,-0.15566769465344163
1418,-0.01918017122921929
1419,-0.2936726168217271
1420,-0.07763089403460369
1421,-0.05309147690646429
1422,-0.2904874094861508
1423,-0.005389945463877554
1424,-0.03270940316467935
1425,-0.032547454708926254
1426,-0.2828753498968737
1427,-0.6507016476807185
1428,-0.09302742606576685
1429,-0.0015096549129645104
1430,-0.22203982765953542
1431,-0.0027494416194341073
1432,-0.0009591143610825484
1433,-0.9735714762777181
1434,-0.35173109382911316
1435,-0.20222069978897758
1436,-0.0704264470984859
1437,-0.3644492279054699
1438,-0.22115624705997203
1439,-0.026217739798044568
1440,-0.1648519511143565
1441,-0.41565735178564855
1442,-0.364846835011569
1443,-1.104275692422573
1444,-0.19431190151595093
1445,-0.03778672710407726
1446,-0.27502776735483575
1447,-0.14445977802082885
1448,-0.009103045376321006
1449,-0.07948613742682822
1450,-0.671769480578564
1451,-0.6663822702516146
1452,-1.5414597079988346
1453,-0.1764850682024802
1454,-0.1317411547586366
1455,-0.249956833047987
1456,-0.21228803868941487
1457,-0.1408044230516163
1458,-0.385612927930724
1459,-0.07305074756297097
1460,-0.09002563885355581
1461,-0.1603495656540783
1462,-1.6819783744475592
1463,-0.08971920268753064
1464,-0.32118974356152274
1465,-0.050292881183046964
1466,-0.0674945259870581
1467,-0.14370751358821865
1468,-0.31336893639869223
1469,-0.04287876290989567
1470,-0.22283353867121583
1471,-0.3752753756223617
1472,-0.33742158768386027
1473,-0.013694216450841528
1474,-0.08116888982231012
1475,-1.1149870623473346
1476,-0.29923770066253086
1477,-0.12429196300427421
1478,-0.8163504458803008
1479,-0.30026771013884085
1480,-0.2615156322842232
1481,-0.01632262665484369
1482,-0.009590889278626268
1483,-0.1605554750958408
1484,-0.18808175128031032
1485,-0.8963185581302546
1486,-0.3002824834483714
1487,-0.0006127891296232653
1488,-0.008484912017626916
1489,-0.613958392739069
1490,-0.7539267808871255
1491,-1.4473822896399786
1492,-0.0034020025018152104
1493,-0.8188310123087509
1494,-0.04989559591242785
1495,-0.7870884599492289
1496,-0.2973463143318309
1497,-0.11196675225562353
1498,-0.10484224421779947
1499,-0.9696431983530986
1500,-0.06797136135367196
1501,-0.0035233129929065233
1502,-0.31151200150443553
1503,-0.29706928722955556
1504,-0.44462998446697083
