0,11.0
1,11.0
2,18.0
3,16.0
4,19.0
5,12.0
6,12.0
7,10.0
8,15.0
9,18.0
10,15.0
11,11.0
12,11.0
13,13.0
14,11.0
15,13.0
16,11.0
17,14.0
18,15.0
19,11.0
20,10.0
21,12.0
22,11.0
23,12.0
24,12.0
25,9.0
26,22.0
27,11.0
28,11.0
29,14.0
30,17.0
31,19.0
32,16.0
33,12.0
34,17.0
35,11.0
36,12.0
37,8.0
38,10.0
39,10.0
40,11.0
41,9.0
42,9.0
43,10.0
44,17.0
45,21.0
46,13.0
47,13.0
48,10.0
49,17.0
50,10.0
51,25.0
52,23.0
53,10.0
54,13.0
55,20.0
56,11.0
57,11.0
58,15.0
59,10.0
60,32.0
61,54.0
62,23.0
63,20.0
64,11.0
65,45.0
66,21.0
67,27.0
68,46.0
69,35.0
70,15.0
71,39.0
72,23.0
73,28.0
74,22.0
75,26.0
76,14.0
77,14.0
78,29.0
79,16.0
80,20.0
81,21.0
82,14.0
83,22.0
84,20.0
85,23.0
86,26.0
87,25.0
88,19.0
89,22.0
90,35.0
91,40.0
92,22.0
93,42.0
94,27.0
95,33.0
96,53.0
97,25.0
98,38.0
99,29.0
100,52.0
101,28.0
102,49.0
103,16.0
104,71.0
105,40.0
106,81.0
107,57.0
108,36.0
109,32.0
110,133.0
111,43.0
112,50.0
113,80.0
114,61.0
115,41.0
116,43.0
117,42.0
118,30.0
119,137.0
120,66.0
121,45.0
122,49.0
123,59.0
124,144.0
125,63.0
126,49.0
127,68.0
128,64.0
129,102.0
130,92.0
131,62.0
132,48.0
133,93.0
134,135.0
135,60.0
136,71.0
137,44.0
138,66.0
139,49.0
140,84.0
141,87.0
142,59.0
143,83.0
144,217.0
145,99.0
146,75.0
147,116.0
148,83.0
149,141.0
150,102.0
151,84.0
152,127.0
153,76.0
154,75.0
155,108.0
156,42.0
157,79.0
158,29.0
159,71.0
160,139.0
161,196.0
162,145.0
163,125.0
164,125.0
165,198.0
166,161.0
167,99.0
168,212.0
169,123.0
170,144.0
171,51.0
172,430.0
173,263.0
174,500.0
175,192.0
176,68.0
177,362.0
178,345.0
179,500.0
180,306.0
181,346.0
182,409.0
183,370.0
184,320.0
185,394.0
186,251.0
187,101.0
188,427.0
189,172.0
190,232.0
191,247.0
192,338.0
193,295.0
194,34.0
195,440.0
196,407.0
197,500.0
198,140.0
199,450.0
200,263.0
201,192.0
202,247.0
203,271.0
204,240.0
205,139.0
206,182.0
207,180.0
208,194.0
209,121.0
210,153.0
211,307.0
212,194.0
213,195.0
214,199.0
215,177.0
216,208.0
217,220.0
218,371.0
219,206.0
220,296.0
221,235.0
222,181.0
223,383.0
224,212.0
225,296.0
226,92.0
227,222.0
228,238.0
229,252.0
230,279.0
231,263.0
232,188.0
233,212.0
234,185.0
235,251.0
236,249.0
237,251.0
238,182.0
239,410.0
240,174.0
241,173.0
242,249.0
243,198.0
244,191.0
245,195.0
246,74.0
247,252.0
248,179.0
249,213.0
250,164.0
251,203.0
252,199.0
253,169.0
254,220.0
255,195.0
256,185.0
257,250.0
258,214.0
259,196.0
260,204.0
261,306.0
262,192.0
263,150.0
264,193.0
265,211.0
266,193.0
267,207.0
268,181.0
269,225.0
270,220.0
271,227.0
272,235.0
273,196.0
274,180.0
275,242.0
276,188.0
277,75.0
278,212.0
279,185.0
280,208.0
281,201.0
282,133.0
283,178.0
284,173.0
285,190.0
286,208.0
287,172.0
288,158.0
289,184.0
290,231.0
291,187.0
292,171.0
293,202.0
294,279.0
295,201.0
296,245.0
297,250.0
298,249.0
299,218.0
300,307.0
301,189.0
302,185.0
303,253.0
304,20.0
305,193.0
306,220.0
307,139.0
308,258.0
309,200.0
310,218.0
311,364.0
312,159.0
313,221.0
314,257.0
315,205.0
316,250.0
317,221.0
318,139.0
319,280.0
320,193.0
321,81.0
322,88.0
323,283.0
324,171.0
325,240.0
326,194.0
327,351.0
328,195.0
329,227.0
330,202.0
331,208.0
332,236.0
333,269.0
334,169.0
335,200.0
336,367.0
337,165.0
338,199.0
339,197.0
340,229.0
341,288.0
342,244.0
343,262.0
344,225.0
345,244.0
346,204.0
347,237.0
348,381.0
349,177.0
350,203.0
351,276.0
352,247.0
353,277.0
354,185.0
355,199.0
356,442.0
357,35.0
358,311.0
359,340.0
360,298.0
361,213.0
362,194.0
363,265.0
364,253.0
365,125.0
366,327.0
367,202.0
368,332.0
369,247.0
370,306.0
371,305.0
372,192.0
373,284.0
374,336.0
375,204.0
376,282.0
377,233.0
378,231.0
379,345.0
380,320.0
381,437.0
382,239.0
383,226.0
384,301.0
385,230.0
386,223.0
387,215.0
388,233.0
389,432.0
390,260.0
391,298.0
392,193.0
393,285.0
394,251.0
395,235.0
396,241.0
397,221.0
398,298.0
399,387.0
400,300.0
401,221.0
402,271.0
403,207.0
404,220.0
405,333.0
406,369.0
407,309.0
408,218.0
409,139.0
410,235.0
411,378.0
412,236.0
413,262.0
414,500.0
415,332.0
416,500.0
417,394.0
418,263.0
419,293.0
420,500.0
421,207.0
422,302.0
423,289.0
424,496.0
425,247.0
426,326.0
427,230.0
428,197.0
429,377.0
430,379.0
431,487.0
432,500.0
433,237.0
434,206.0
435,224.0
436,351.0
437,390.0
438,416.0
439,345.0
440,404.0
441,180.0
442,217.0
443,440.0
444,209.0
445,453.0
446,289.0
447,257.0
448,254.0
449,284.0
450,289.0
451,248.0
452,256.0
453,449.0
454,232.0
455,223.0
456,454.0
457,289.0
458,445.0
459,345.0
460,422.0
461,271.0
462,320.0
463,311.0
464,301.0
465,393.0
466,290.0
467,260.0
468,252.0
469,186.0
470,209.0
471,313.0
472,238.0
473,166.0
474,206.0
475,199.0
476,285.0
477,195.0
478,270.0
479,293.0
480,500.0
481,372.0
482,332.0
483,328.0
484,336.0
485,232.0
486,300.0
487,369.0
488,429.0
489,122.0
490,373.0
491,440.0
492,331.0
493,410.0
494,319.0
495,337.0
496,400.0
497,351.0
498,284.0
499,350.0
500,313.0
501,275.0
502,248.0
503,337.0
504,348.0
505,429.0
506,113.0
507,225.0
508,220.0
509,271.0
510,329.0
511,435.0
512,27.0
513,305.0
514,25.0
515,254.0
516,416.0
517,354.0
518,192.0
519,266.0
520,500.0
521,451.0
522,414.0
523,394.0
524,410.0
525,227.0
526,204.0
527,386.0
528,52.0
529,294.0
530,302.0
531,500.0
532,489.0
533,405.0
534,265.0
535,222.0
536,218.0
537,215.0
538,238.0
539,223.0
540,393.0
541,222.0
542,215.0
543,356.0
544,367.0
545,456.0
546,337.0
547,269.0
548,384.0
549,337.0
550,383.0
551,470.0
552,329.0
553,308.0
554,314.0
555,312.0
556,354.0
557,335.0
558,271.0
559,269.0
560,305.0
561,357.0
562,258.0
563,438.0
564,317.0
565,435.0
566,352.0
567,309.0
568,357.0
569,315.0
570,362.0
571,273.0
572,500.0
573,167.0
574,225.0
575,221.0
576,285.0
577,203.0
578,235.0
579,418.0
580,500.0
581,438.0
582,313.0
583,327.0
584,313.0
585,348.0
586,254.0
587,296.0
588,310.0
589,290.0
590,295.0
591,402.0
592,381.0
593,296.0
594,500.0
595,384.0
596,500.0
597,431.0
598,500.0
599,417.0
600,367.0
601,418.0
602,376.0
603,289.0
604,333.0
605,424.0
606,345.0
607,241.0
608,303.0
609,334.0
610,331.0
611,323.0
612,392.0
613,315.0
614,332.0
615,317.0
616,324.0
617,293.0
618,308.0
619,299.0
620,257.0
621,395.0
622,221.0
623,368.0
624,207.0
625,348.0
626,365.0
627,254.0
628,382.0
629,277.0
630,317.0
631,355.0
632,393.0
633,309.0
634,471.0
635,414.0
636,377.0
637,382.0
638,384.0
639,346.0
640,349.0
641,109.0
642,364.0
643,362.0
644,429.0
645,352.0
646,500.0
647,483.0
648,500.0
649,500.0
650,500.0
651,500.0
652,500.0
653,446.0
654,500.0
655,500.0
656,500.0
657,500.0
658,500.0
659,500.0
660,500.0
661,500.0
662,500.0
663,500.0
664,500.0
665,500.0
666,500.0
667,500.0
668,500.0
669,500.0
670,500.0
671,500.0
672,500.0
673,500.0
674,500.0
675,500.0
676,500.0
677,500.0
678,500.0
679,500.0
680,500.0
681,500.0
682,500.0
683,500.0
684,500.0
685,500.0
686,500.0
687,500.0
688,500.0
689,500.0
690,500.0
691,500.0
692,500.0
693,500.0
694,500.0
695,500.0
696,500.0
697,500.0
698,500.0
699,500.0
700,500.0
701,500.0
702,500.0
703,500.0
704,500.0
705,500.0
706,286.0
707,500.0
708,500.0
709,500.0
710,500.0
711,500.0
712,500.0
713,500.0
714,500.0
715,500.0
716,120.0
717,500.0
718,500.0
719,500.0
720,500.0
721,500.0
722,500.0
723,500.0
724,500.0
725,500.0
726,500.0
727,367.0
728,500.0
729,500.0
730,500.0
731,500.0
732,500.0
733,500.0
