0,16.0
1,17.0
2,11.0
3,16.0
4,13.0
5,14.0
6,13.0
7,13.0
8,10.0
9,8.0
10,36.0
11,23.0
12,9.0
13,10.0
14,12.0
15,16.0
16,14.0
17,11.0
18,10.0
19,9.0
20,23.0
21,14.0
22,10.0
23,15.0
24,12.0
25,10.0
26,22.0
27,11.0
28,12.0
29,11.0
30,12.0
31,15.0
32,15.0
33,14.0
34,11.0
35,11.0
36,15.0
37,28.0
38,24.0
39,14.0
40,17.0
41,16.0
42,18.0
43,15.0
44,11.0
45,12.0
46,13.0
47,18.0
48,13.0
49,11.0
50,12.0
51,9.0
52,11.0
53,13.0
54,16.0
55,9.0
56,10.0
57,16.0
58,24.0
59,25.0
60,30.0
61,49.0
62,51.0
63,67.0
64,32.0
65,37.0
66,30.0
67,22.0
68,64.0
69,30.0
70,46.0
71,41.0
72,60.0
73,87.0
74,39.0
75,99.0
76,65.0
77,54.0
78,61.0
79,46.0
80,44.0
81,41.0
82,125.0
83,90.0
84,43.0
85,61.0
86,36.0
87,58.0
88,37.0
89,70.0
90,129.0
91,51.0
92,69.0
93,156.0
94,115.0
95,141.0
96,208.0
97,252.0
98,38.0
99,288.0
100,378.0
101,96.0
102,383.0
103,114.0
104,293.0
105,373.0
106,159.0
107,262.0
108,121.0
109,500.0
110,79.0
111,113.0
112,143.0
113,269.0
114,363.0
115,353.0
116,288.0
117,290.0
118,173.0
119,232.0
120,355.0
121,301.0
122,38.0
123,25.0
124,346.0
125,455.0
126,317.0
127,205.0
128,500.0
129,332.0
130,365.0
131,204.0
132,500.0
133,303.0
134,372.0
135,233.0
136,228.0
137,230.0
138,131.0
139,500.0
140,375.0
141,397.0
142,178.0
143,138.0
144,128.0
145,383.0
146,500.0
147,500.0
148,455.0
149,425.0
150,500.0
151,388.0
152,418.0
153,86.0
154,334.0
155,130.0
156,211.0
157,285.0
158,500.0
159,486.0
160,500.0
161,304.0
162,489.0
163,310.0
164,196.0
165,280.0
166,13.0
167,270.0
168,126.0
169,500.0
170,500.0
171,419.0
172,314.0
173,267.0
174,412.0
175,500.0
176,261.0
177,428.0
178,500.0
179,475.0
180,386.0
181,358.0
182,426.0
183,313.0
184,500.0
185,399.0
186,430.0
187,22.0
188,400.0
189,376.0
190,500.0
191,500.0
192,304.0
193,228.0
194,161.0
195,368.0
196,389.0
197,500.0
198,379.0
199,436.0
200,335.0
201,218.0
202,324.0
203,312.0
204,364.0
205,131.0
206,286.0
207,305.0
208,500.0
209,53.0
210,349.0
211,147.0
212,464.0
213,410.0
214,270.0
215,64.0
216,81.0
217,28.0
218,358.0
219,87.0
220,437.0
221,75.0
222,49.0
223,403.0
224,480.0
225,57.0
226,375.0
227,500.0
228,48.0
229,500.0
230,137.0
231,310.0
232,500.0
233,15.0
234,267.0
235,122.0
236,91.0
237,400.0
238,88.0
239,347.0
240,255.0
241,287.0
242,85.0
243,423.0
244,211.0
245,500.0
246,500.0
247,450.0
248,348.0
249,347.0
250,379.0
251,390.0
252,61.0
253,165.0
254,84.0
255,414.0
256,348.0
257,94.0
258,316.0
259,366.0
260,334.0
261,349.0
262,344.0
263,500.0
264,363.0
265,419.0
266,305.0
267,500.0
268,175.0
269,110.0
270,299.0
271,56.0
272,352.0
273,119.0
274,60.0
275,429.0
276,179.0
277,330.0
278,500.0
279,422.0
280,500.0
281,500.0
282,358.0
283,36.0
284,98.0
285,303.0
286,461.0
287,246.0
288,500.0
289,440.0
290,500.0
291,500.0
292,342.0
293,409.0
294,466.0
295,409.0
296,105.0
297,432.0
298,89.0
299,500.0
300,500.0
301,305.0
302,447.0
303,452.0
304,500.0
305,354.0
306,341.0
307,500.0
308,436.0
309,240.0
310,369.0
311,327.0
312,207.0
313,53.0
314,255.0
315,406.0
316,118.0
317,384.0
318,302.0
319,286.0
320,291.0
321,471.0
322,490.0
323,26.0
324,121.0
325,279.0
326,240.0
327,179.0
328,243.0
329,314.0
330,282.0
331,227.0
332,205.0
333,185.0
334,279.0
335,249.0
336,132.0
337,277.0
338,444.0
339,268.0
340,300.0
341,321.0
342,153.0
343,40.0
344,156.0
345,98.0
346,272.0
347,32.0
348,324.0
349,332.0
350,153.0
351,334.0
352,500.0
353,264.0
354,267.0
355,251.0
356,249.0
357,204.0
358,261.0
359,234.0
360,274.0
361,206.0
362,250.0
363,305.0
364,129.0
365,40.0
366,285.0
367,262.0
368,131.0
369,283.0
370,288.0
371,369.0
372,224.0
373,500.0
374,168.0
375,170.0
376,191.0
377,309.0
378,356.0
379,73.0
380,49.0
381,276.0
382,287.0
383,420.0
384,54.0
385,260.0
386,46.0
387,332.0
388,224.0
389,43.0
390,269.0
391,313.0
392,196.0
393,314.0
394,313.0
395,168.0
396,25.0
397,235.0
398,15.0
399,157.0
400,500.0
401,227.0
402,231.0
403,160.0
404,257.0
405,498.0
406,500.0
407,362.0
408,280.0
409,225.0
410,269.0
411,267.0
412,500.0
413,253.0
414,274.0
415,500.0
416,500.0
417,500.0
418,500.0
419,500.0
420,500.0
421,500.0
422,325.0
423,500.0
424,195.0
425,201.0
426,500.0
427,420.0
428,246.0
429,500.0
430,200.0
431,500.0
432,170.0
433,500.0
434,456.0
435,500.0
436,328.0
437,14.0
438,500.0
439,500.0
440,500.0
441,500.0
442,500.0
443,500.0
444,430.0
445,311.0
446,320.0
447,233.0
448,181.0
449,283.0
450,331.0
451,233.0
452,252.0
453,500.0
454,315.0
455,119.0
456,141.0
457,291.0
458,404.0
459,193.0
460,180.0
461,332.0
462,13.0
463,417.0
464,255.0
465,176.0
466,150.0
467,348.0
468,208.0
469,127.0
470,212.0
471,156.0
472,237.0
473,197.0
474,300.0
475,386.0
476,206.0
477,289.0
478,380.0
479,27.0
480,500.0
481,342.0
482,500.0
483,35.0
484,55.0
485,500.0
486,500.0
487,87.0
488,166.0
489,500.0
490,500.0
491,443.0
492,23.0
493,59.0
494,500.0
495,20.0
496,500.0
497,500.0
498,500.0
499,315.0
500,500.0
501,500.0
502,500.0
503,500.0
504,103.0
505,500.0
506,13.0
507,500.0
508,500.0
509,61.0
510,500.0
511,500.0
512,500.0
513,500.0
514,500.0
515,500.0
516,500.0
517,221.0
518,500.0
519,500.0
520,500.0
521,500.0
522,463.0
523,500.0
524,188.0
525,333.0
526,144.0
527,500.0
528,500.0
529,39.0
530,500.0
531,500.0
532,425.0
533,43.0
534,500.0
535,500.0
536,500.0
537,379.0
538,500.0
539,12.0
540,500.0
541,500.0
542,500.0
543,500.0
544,500.0
545,500.0
546,500.0
547,500.0
548,500.0
549,500.0
550,49.0
551,500.0
552,500.0
553,500.0
554,500.0
555,500.0
556,500.0
557,500.0
558,500.0
559,500.0
560,500.0
561,500.0
562,500.0
563,500.0
564,500.0
565,500.0
566,341.0
567,500.0
568,276.0
569,500.0
570,500.0
571,500.0
572,500.0
573,500.0
574,327.0
575,160.0
576,441.0
577,500.0
578,500.0
579,500.0
580,500.0
581,394.0
582,500.0
583,500.0
584,12.0
585,500.0
586,500.0
587,500.0
588,257.0
589,119.0
590,500.0
591,500.0
592,372.0
593,314.0
594,352.0
595,500.0
596,500.0
597,500.0
598,500.0
599,500.0
600,500.0
601,500.0
602,31.0
603,51.0
604,500.0
605,500.0
606,500.0
607,343.0
608,131.0
609,88.0
610,500.0
611,500.0
612,429.0
613,500.0
614,500.0
615,500.0
616,19.0
617,500.0
618,67.0
619,500.0
620,500.0
621,500.0
622,500.0
623,282.0
624,236.0
625,500.0
626,500.0
627,500.0
628,500.0
629,207.0
630,500.0
631,209.0
632,12.0
633,329.0
634,500.0
635,500.0
636,500.0
637,500.0
638,437.0
639,41.0
640,500.0
641,331.0
642,500.0
643,500.0
644,500.0
645,500.0
646,500.0
647,500.0
648,500.0
649,500.0
650,500.0
651,500.0
652,500.0
653,340.0
654,500.0
655,500.0
656,500.0
657,500.0
658,500.0
659,149.0
660,500.0
661,500.0
662,500.0
663,500.0
664,500.0
665,500.0
666,500.0
667,500.0
668,500.0
669,500.0
670,500.0
671,500.0
672,500.0
673,437.0
674,500.0
675,395.0
676,500.0
677,500.0
678,500.0
679,500.0
680,500.0
681,500.0
682,500.0
683,500.0
684,500.0
685,500.0
686,500.0
687,500.0
688,500.0
689,500.0
690,500.0
691,500.0
692,500.0
693,500.0
694,500.0
695,500.0
696,500.0
697,500.0
698,61.0
699,500.0
700,500.0
701,500.0
702,500.0
703,455.0
704,500.0
705,500.0
706,500.0
707,500.0
708,500.0
709,500.0
710,500.0
711,500.0
712,500.0
713,500.0
714,500.0
715,500.0
716,500.0
717,500.0
718,500.0
719,500.0
720,500.0
721,500.0
722,500.0
723,481.0
724,500.0
725,500.0
726,500.0
727,500.0
728,500.0
729,427.0
730,500.0
731,500.0
732,143.0
