0,13.0
1,18.0
2,8.0
3,13.0
4,14.0
5,20.0
6,12.0
7,15.0
8,16.0
9,12.0
10,14.0
11,12.0
12,23.0
13,11.0
14,12.0
15,12.0
16,12.0
17,11.0
18,18.0
19,14.0
20,10.0
21,13.0
22,17.0
23,9.0
24,10.0
25,14.0
26,13.0
27,13.0
28,11.0
29,12.0
30,9.0
31,12.0
32,14.0
33,15.0
34,11.0
35,11.0
36,14.0
37,16.0
38,17.0
39,14.0
40,17.0
41,34.0
42,8.0
43,15.0
44,14.0
45,13.0
46,13.0
47,13.0
48,14.0
49,12.0
50,9.0
51,11.0
52,14.0
53,9.0
54,16.0
55,11.0
56,9.0
57,13.0
58,15.0
59,17.0
60,10.0
61,16.0
62,12.0
63,11.0
64,18.0
65,16.0
66,30.0
67,12.0
68,29.0
69,13.0
70,17.0
71,63.0
72,12.0
73,26.0
74,20.0
75,44.0
76,55.0
77,73.0
78,56.0
79,74.0
80,35.0
81,60.0
82,51.0
83,30.0
84,49.0
85,39.0
86,22.0
87,29.0
88,58.0
89,47.0
90,60.0
91,32.0
92,42.0
93,30.0
94,29.0
95,36.0
96,25.0
97,66.0
98,48.0
99,37.0
100,21.0
101,21.0
102,39.0
103,75.0
104,33.0
105,34.0
106,39.0
107,38.0
108,34.0
109,71.0
110,50.0
111,46.0
112,42.0
113,50.0
114,51.0
115,42.0
116,87.0
117,77.0
118,98.0
119,67.0
120,72.0
121,84.0
122,96.0
123,86.0
124,33.0
125,99.0
126,92.0
127,149.0
128,14.0
129,86.0
130,193.0
131,152.0
132,110.0
133,142.0
134,272.0
135,190.0
136,188.0
137,234.0
138,250.0
139,277.0
140,157.0
141,300.0
142,291.0
143,14.0
144,228.0
145,335.0
146,279.0
147,495.0
148,247.0
149,165.0
150,244.0
151,300.0
152,63.0
153,48.0
154,339.0
155,355.0
156,393.0
157,211.0
158,321.0
159,300.0
160,365.0
161,410.0
162,388.0
163,295.0
164,413.0
165,446.0
166,216.0
167,131.0
168,352.0
169,269.0
170,221.0
171,297.0
172,260.0
173,63.0
174,313.0
175,500.0
176,292.0
177,278.0
178,178.0
179,318.0
180,322.0
181,195.0
182,421.0
183,195.0
184,321.0
185,242.0
186,143.0
187,126.0
188,144.0
189,267.0
190,212.0
191,389.0
192,255.0
193,98.0
194,137.0
195,240.0
196,149.0
197,331.0
198,144.0
199,249.0
200,280.0
201,308.0
202,483.0
203,330.0
204,301.0
205,144.0
206,318.0
207,220.0
208,265.0
209,263.0
210,49.0
211,222.0
212,244.0
213,267.0
214,243.0
215,240.0
216,279.0
217,312.0
218,84.0
219,248.0
220,311.0
221,127.0
222,188.0
223,246.0
224,284.0
225,262.0
226,436.0
227,265.0
228,333.0
229,292.0
230,265.0
231,232.0
232,211.0
233,277.0
234,278.0
235,344.0
236,262.0
237,273.0
238,178.0
239,329.0
240,384.0
241,293.0
242,234.0
243,297.0
244,292.0
245,405.0
246,237.0
247,290.0
248,220.0
249,200.0
250,249.0
251,202.0
252,231.0
253,230.0
254,269.0
255,428.0
256,356.0
257,291.0
258,254.0
259,322.0
260,274.0
261,296.0
262,282.0
263,247.0
264,208.0
265,278.0
266,306.0
267,306.0
268,280.0
269,260.0
270,191.0
271,270.0
272,259.0
273,294.0
274,268.0
275,120.0
276,280.0
277,315.0
278,139.0
279,238.0
280,500.0
281,257.0
282,274.0
283,291.0
284,288.0
285,379.0
286,415.0
287,250.0
288,300.0
289,209.0
290,50.0
291,192.0
292,315.0
293,349.0
294,274.0
295,452.0
296,290.0
297,115.0
298,396.0
299,296.0
300,239.0
301,200.0
302,248.0
303,311.0
304,90.0
305,122.0
306,212.0
307,327.0
308,365.0
309,361.0
310,87.0
311,268.0
312,171.0
313,196.0
314,245.0
315,280.0
316,369.0
317,269.0
318,61.0
319,214.0
320,348.0
321,362.0
322,285.0
323,274.0
324,268.0
325,148.0
326,397.0
327,295.0
328,362.0
329,17.0
330,54.0
331,24.0
332,359.0
333,500.0
334,387.0
335,234.0
336,285.0
337,170.0
338,265.0
339,296.0
340,289.0
341,277.0
342,54.0
343,25.0
344,15.0
345,422.0
346,49.0
347,109.0
348,345.0
349,367.0
350,333.0
351,312.0
352,349.0
353,165.0
354,343.0
355,222.0
356,355.0
357,384.0
358,241.0
359,258.0
360,282.0
361,296.0
362,388.0
363,243.0
364,27.0
365,450.0
366,308.0
367,312.0
368,260.0
369,329.0
370,289.0
371,360.0
372,472.0
373,313.0
374,408.0
375,75.0
376,267.0
377,331.0
378,315.0
379,488.0
380,404.0
381,373.0
382,394.0
383,436.0
384,301.0
385,500.0
386,427.0
387,337.0
388,500.0
389,91.0
390,389.0
391,320.0
392,301.0
393,370.0
394,389.0
395,308.0
396,398.0
397,487.0
398,235.0
399,107.0
400,390.0
401,460.0
402,141.0
403,12.0
404,500.0
405,327.0
406,386.0
407,310.0
408,79.0
409,364.0
410,218.0
411,500.0
412,500.0
413,450.0
414,282.0
415,327.0
416,375.0
417,365.0
418,88.0
419,500.0
420,374.0
421,466.0
422,343.0
423,282.0
424,500.0
425,452.0
426,404.0
427,363.0
428,474.0
429,295.0
430,307.0
431,500.0
432,39.0
433,362.0
434,355.0
435,363.0
436,273.0
437,459.0
438,357.0
439,357.0
440,398.0
441,321.0
442,420.0
443,314.0
444,422.0
445,322.0
446,333.0
447,350.0
448,357.0
449,316.0
450,325.0
451,392.0
452,371.0
453,489.0
454,492.0
455,398.0
456,377.0
457,194.0
458,379.0
459,358.0
460,354.0
461,500.0
462,417.0
463,387.0
464,335.0
465,351.0
466,115.0
467,370.0
468,434.0
469,303.0
470,400.0
471,477.0
472,500.0
473,460.0
474,361.0
475,381.0
476,363.0
477,390.0
478,276.0
479,297.0
480,373.0
481,471.0
482,377.0
483,466.0
484,369.0
485,428.0
486,359.0
487,500.0
488,451.0
489,445.0
490,500.0
491,371.0
492,500.0
493,407.0
494,500.0
495,483.0
496,356.0
497,312.0
498,331.0
499,336.0
500,369.0
501,456.0
502,288.0
503,296.0
504,404.0
505,500.0
506,500.0
507,500.0
508,500.0
509,500.0
510,500.0
511,500.0
512,500.0
513,500.0
514,438.0
515,500.0
516,500.0
517,500.0
518,500.0
519,500.0
520,500.0
521,500.0
522,500.0
523,500.0
524,500.0
525,500.0
526,500.0
527,500.0
528,500.0
529,500.0
530,500.0
531,500.0
532,500.0
533,500.0
534,500.0
535,500.0
536,500.0
537,500.0
538,500.0
539,500.0
540,66.0
541,500.0
542,264.0
543,500.0
544,500.0
545,24.0
546,500.0
547,500.0
548,500.0
549,500.0
550,500.0
551,500.0
552,500.0
553,500.0
554,500.0
555,500.0
556,500.0
557,500.0
558,500.0
559,500.0
560,231.0
561,500.0
562,500.0
563,500.0
564,232.0
565,500.0
566,500.0
567,500.0
568,432.0
569,224.0
570,161.0
571,500.0
572,495.0
573,299.0
574,203.0
575,500.0
576,500.0
577,314.0
578,500.0
579,65.0
580,500.0
581,500.0
582,500.0
583,500.0
584,268.0
585,500.0
586,500.0
587,500.0
588,500.0
589,500.0
590,500.0
591,500.0
592,500.0
593,500.0
594,500.0
595,398.0
596,82.0
597,500.0
598,500.0
599,500.0
600,500.0
601,500.0
602,500.0
603,500.0
604,40.0
605,500.0
606,500.0
607,157.0
608,500.0
609,500.0
610,500.0
611,500.0
612,500.0
613,500.0
614,29.0
615,500.0
616,500.0
617,500.0
618,500.0
619,500.0
620,500.0
621,500.0
622,500.0
623,500.0
624,500.0
625,500.0
626,191.0
627,500.0
628,500.0
629,430.0
630,500.0
631,500.0
632,500.0
633,49.0
634,500.0
635,197.0
636,500.0
637,482.0
638,500.0
639,142.0
640,218.0
641,36.0
642,324.0
643,190.0
644,500.0
645,500.0
646,307.0
647,167.0
648,310.0
649,500.0
650,500.0
651,500.0
652,477.0
653,254.0
654,178.0
655,500.0
656,151.0
657,500.0
658,233.0
659,500.0
660,500.0
661,281.0
662,216.0
663,362.0
664,71.0
665,51.0
666,500.0
667,500.0
668,500.0
669,500.0
670,131.0
671,42.0
672,41.0
673,87.0
674,500.0
675,497.0
676,237.0
677,400.0
678,500.0
679,37.0
680,500.0
681,500.0
682,226.0
683,17.0
684,500.0
685,497.0
686,500.0
687,219.0
688,159.0
689,106.0
690,267.0
691,66.0
692,121.0
693,286.0
694,171.0
695,500.0
696,56.0
697,175.0
698,500.0
699,500.0
700,397.0
701,56.0
702,234.0
703,30.0
704,91.0
705,500.0
706,128.0
707,26.0
708,314.0
709,349.0
710,238.0
711,269.0
712,50.0
713,61.0
714,266.0
715,500.0
716,87.0
717,62.0
718,438.0
719,500.0
720,488.0
721,500.0
722,358.0
723,269.0
724,153.0
725,467.0
726,331.0
727,500.0
728,21.0
729,101.0
730,500.0
731,500.0
732,500.0
733,500.0
734,500.0
735,166.0
736,174.0
737,500.0
738,341.0
739,204.0
740,95.0
741,147.0
742,500.0
743,35.0
744,168.0
745,71.0
746,64.0
747,40.0
748,146.0
749,127.0
750,500.0
751,254.0
752,14.0
753,445.0
754,500.0
755,500.0
756,442.0
757,118.0
758,500.0
759,235.0
760,500.0
761,500.0
762,383.0
763,500.0
764,119.0
765,401.0
766,500.0
767,500.0
768,500.0
769,166.0
770,500.0
771,173.0
772,500.0
773,500.0
774,500.0
775,32.0
776,52.0
777,500.0
778,22.0
779,47.0
780,34.0
781,500.0
782,500.0
783,500.0
784,11.0
785,80.0
786,425.0
787,500.0
788,475.0
789,500.0
790,65.0
791,92.0
792,500.0
793,40.0
794,500.0
795,500.0
796,119.0
797,118.0
798,500.0
799,137.0
800,194.0
801,148.0
802,194.0
803,459.0
804,157.0
805,247.0
806,500.0
807,143.0
808,111.0
